00001000
0.0000000000e+00 1.0000000000e+00 -1.0000000000e-45
3.6537400000e-03 9.9999779925e-01 1.6191826650e-08
7.3074800000e-03 9.9999114871e-01 1.2980321482e-07
1.0961220000e-02 9.9998004838e-01 4.3838058543e-07
1.4614960000e-02 9.9996449832e-01 1.0394687911e-06
1.8268700000e-02 9.9994449876e-01 2.0305948460e-06
2.1922440000e-02 9.9992004996e-01 3.5092686718e-06
2.5576180000e-02 9.9989115215e-01 5.5729919793e-06
2.9229920000e-02 9.9985780572e-01 8.3192309411e-06
3.2883660000e-02 9.9982001109e-01 1.1845424370e-05
3.6537400000e-02 9.9977776866e-01 1.6248994626e-05
4.0191140000e-02 9.9973107900e-01 2.1627305335e-05
4.3844880000e-02 9.9967994259e-01 2.8077710969e-05
4.7498620000e-02 9.9962436010e-01 3.5697497016e-05
5.1152360000e-02 9.9956433221e-01 4.4583903545e-05
5.4806100000e-02 9.9949985959e-01 5.4834146873e-05
5.8459840000e-02 9.9943094305e-01 6.6545358771e-05
6.2113580000e-02 9.9935758343e-01 7.9814615364e-05
6.5767320000e-02 9.9927978156e-01 9.4738958729e-05
6.9421060000e-02 9.9919753844e-01 1.1141532009e-04
7.3074800000e-02 9.9911085498e-01 1.2994061434e-04
7.6728540000e-02 9.9901973227e-01 1.5041163616e-04
8.0382280000e-02 9.9892417143e-01 1.7292510662e-04
8.4036020000e-02 9.9882417354e-01 1.9757770788e-04
8.7689760000e-02 9.9871973983e-01 2.2446598847e-04
9.1343500000e-02 9.9861087159e-01 2.5368641317e-04
9.4997240000e-02 9.9849757006e-01 2.8533539553e-04
9.8650980000e-02 9.9837983667e-01 3.1950918604e-04
1.0230472000e-01 9.9825767276e-01 3.5630401214e-04
1.0595846000e-01 9.9813107983e-01 3.9581592989e-04
1.0961220000e-01 9.9800005944e-01 4.3814089378e-04
1.1326594000e-01 9.9786461308e-01 4.8337480459e-04
1.1691968000e-01 9.9772474242e-01 5.3161338056e-04
1.2057342000e-01 9.9758044917e-01 5.8295222830e-04
1.2422716000e-01 9.9743173499e-01 6.3748688643e-04
1.2788090000e-01 9.9727860173e-01 6.9531267843e-04
1.3153464000e-01 9.9712105115e-01 7.5652489846e-04
1.3518838000e-01 9.9695908520e-01 8.2121861835e-04
1.3884212000e-01 9.9679270583e-01 8.8948878069e-04
1.4249586000e-01 9.9662191497e-01 9.6143026005e-04
1.4614960000e-01 9.9644671471e-01 1.0371376998e-03
1.4980334000e-01 9.9626710718e-01 1.1167056040e-03
1.5345708000e-01 9.9608309446e-01 1.2002283927e-03
1.5711082000e-01 9.9589467882e-01 1.2878002188e-03
1.6076456000e-01 9.9570186245e-01 1.3795152002e-03
1.6441830000e-01 9.9550464770e-01 1.4754671817e-03
1.6807204000e-01 9.9530303696e-01 1.5757498517e-03
1.7172578000e-01 9.9509703258e-01 1.6804568169e-03
1.7537952000e-01 9.9488663706e-01 1.7896814043e-03
1.7903326000e-01 9.9467185294e-01 1.9035167746e-03
1.8268700000e-01 9.9445268273e-01 2.0220559886e-03
1.8634074000e-01 9.9422912913e-01 2.1453917886e-03
1.8999448000e-01 9.9400119472e-01 2.2736168768e-03
1.9364822000e-01 9.9376888229e-01 2.4068236321e-03
1.9730196000e-01 9.9353219464e-01 2.5451042500e-03
2.0095570000e-01 9.9329113452e-01 2.6885508313e-03
2.0460944000e-01 9.9304570487e-01 2.8372551491e-03
2.0826318000e-01 9.9279590863e-01 2.9913087838e-03
2.1191692000e-01 9.9254174874e-01 3.1508032007e-03
2.1557066000e-01 9.9228322829e-01 3.3158294957e-03
2.1922440000e-01 9.9202035030e-01 3.4864787197e-03
2.2287814000e-01 9.9175311796e-01 3.6628415510e-03
2.2653188000e-01 9.9148153447e-01 3.8450084585e-03
2.3018562000e-01 9.9120560302e-01 4.0330698032e-03
2.3383936000e-01 9.9092532694e-01 4.2271155716e-03
2.3749310000e-01 9.9064070959e-01 4.4272355316e-03
2.4114684000e-01 9.9035175431e-01 4.6335193211e-03
2.4480058000e-01 9.9005846462e-01 4.8460561587e-03
2.4845432000e-01 9.8976084394e-01 5.0649352138e-03
2.5210806000e-01 9.8945889585e-01 5.2902452345e-03
2.5576180000e-01 9.8915262399e-01 5.5220747337e-03
2.5941554000e-01 9.8884203193e-01 5.7605121047e-03
2.6306928000e-01 9.8852712343e-01 6.0056453197e-03
2.6672302000e-01 9.8820790224e-01 6.2575621069e-03
2.7037676000e-01 9.8788437211e-01 6.5163500511e-03
2.7403050000e-01 9.8755653697e-01 6.7820962678e-03
2.7768424000e-01 9.8722440063e-01 7.0548878203e-03
2.8133798000e-01 9.8688796710e-01 7.3348113024e-03
2.8499172000e-01 9.8654724039e-01 7.6219530481e-03
2.8864546000e-01 9.8620222451e-01 7.9163992601e-03
2.9229920000e-01 9.8585292358e-01 8.2182356750e-03
2.9595294000e-01 9.8549934178e-01 8.5275477604e-03
2.9960668000e-01 9.8514148326e-01 8.8444208275e-03
3.0326042000e-01 9.8477935234e-01 9.1689396701e-03
3.0691416000e-01 9.8441295323e-01 9.5011890263e-03
3.1056790000e-01 9.8404229033e-01 9.8412531184e-03
3.1422164000e-01 9.8366736808e-01 1.0189215885e-02
3.1787538000e-01 9.8328819084e-01 1.0545161121e-02
3.2152912000e-01 9.8290476316e-01 1.0909172114e-02
3.2518286000e-01 9.8251708961e-01 1.1281331855e-02
3.2883660000e-01 9.8212517472e-01 1.1661723170e-02
3.3249034000e-01 9.8172902320e-01 1.2050428318e-02
3.3614408000e-01 9.8132863969e-01 1.2447529499e-02
3.3979782000e-01 9.8092402895e-01 1.2853108356e-02
3.4345156000e-01 9.8051519581e-01 1.3267246219e-02
3.4710530000e-01 9.8010214504e-01 1.3690024270e-02
3.5075904000e-01 9.7968488156e-01 1.4121523136e-02
3.5441278000e-01 9.7926341034e-01 1.4561823128e-02
3.5806652000e-01 9.7883773630e-01 1.5011004378e-02
3.6172026000e-01 9.7840786454e-01 1.5469146406e-02
3.6537400000e-01 9.7797380006e-01 1.5936328673e-02
3.6902774000e-01 9.7753554804e-01 1.6412630032e-02
3.7268148000e-01 9.7709311368e-01 1.6898129011e-02
3.7633522000e-01 9.7664650212e-01 1.7392903972e-02
3.7998896000e-01 9.7619571869e-01 1.7897032685e-02
3.8364270000e-01 9.7574076872e-01 1.8410592579e-02
3.8729644000e-01 9.7528165752e-01 1.8933660896e-02
3.9095018000e-01 9.7481839057e-01 1.9466314219e-02
3.9460392000e-01 9.7435097325e-01 2.0008629072e-02
3.9825766000e-01 9.7387941111e-01 2.0560681330e-02
4.0191140000e-01 9.7340370973e-01 2.1122546517e-02
4.0556514000e-01 9.7292387465e-01 2.1694299986e-02
4.0921888000e-01 9.7243991154e-01 2.2276016458e-02
4.1287262000e-01 9.7195182612e-01 2.2867770290e-02
4.1652636000e-01 9.7145962408e-01 2.3469635643e-02
4.2018010000e-01 9.7096331126e-01 2.4081685975e-02
4.2383384000e-01 9.7046289342e-01 2.4703994687e-02
4.2748758000e-01 9.6995837648e-01 2.5336634487e-02
4.3114132000e-01 9.6944976639e-01 2.5979677712e-02
4.3479506000e-01 9.6893706905e-01 2.6633196523e-02
4.3844880000e-01 9.6842029051e-01 2.7297262405e-02
4.4210254000e-01 9.6789943686e-01 2.7971946466e-02
4.4575628000e-01 9.6737451413e-01 2.8657319601e-02
4.4941002000e-01 9.6684552855e-01 2.9353451970e-02
4.5306376000e-01 9.6631248623e-01 3.0060413665e-02
4.5671750000e-01 9.6577539346e-01 3.0778274054e-02
4.6037124000e-01 9.6523425655e-01 3.1507102112e-02
4.6402498000e-01 9.6468908176e-01 3.2246966631e-02
4.6767872000e-01 9.6413987549e-01 3.2997935690e-02
4.7133246000e-01 9.6358664420e-01 3.3760076970e-02
4.7498620000e-01 9.6302939428e-01 3.4533457936e-02
4.7863994000e-01 9.6246813227e-01 3.5318145358e-02
4.8229368000e-01 9.6190286475e-01 3.6114205600e-02
4.8594742000e-01 9.6133359825e-01 3.6921704778e-02
4.8960116000e-01 9.6076033947e-01 3.7740708251e-02
4.9325490000e-01 9.6018309502e-01 3.8571281278e-02
4.9690864000e-01 9.5960187166e-01 3.9413488368e-02
5.0056238000e-01 9.5901667619e-01 4.0267393615e-02
5.0421612000e-01 9.5842751536e-01 4.1133060890e-02
5.0786986000e-01 9.5783439604e-01 4.2010553334e-02
5.1152360000e-01 9.5723732517e-01 4.2899933668e-02
5.1517734000e-01 9.5663630961e-01 4.3801264352e-02
5.1883108000e-01 9.5603135642e-01 4.4714607059e-02
5.2248482000e-01 9.5542247255e-01 4.5640023356e-02
5.2613856000e-01 9.5480966509e-01 4.6577574032e-02
5.2979230000e-01 9.5419294119e-01 4.7527319441e-02
5.3344604000e-01 9.5357230793e-01 4.8489319708e-02
5.3709978000e-01 9.5294777254e-01 4.9463634196e-02
5.4075352000e-01 9.5231934226e-01 5.0450321835e-02
5.4440726000e-01 9.5168702432e-01 5.1449441283e-02
5.4806100000e-01 9.5105082609e-01 5.2461050380e-02
5.5171474000e-01 9.5041075487e-01 5.3485206861e-02
5.5536848000e-01 9.4976681808e-01 5.4521967647e-02
5.5902222000e-01 9.4911902318e-01 5.5571389212e-02
5.6267596000e-01 9.4846737761e-01 5.6633527796e-02
5.6632970000e-01 9.4781188890e-01 5.7708438848e-02
5.6998344000e-01 9.4715256463e-01 5.8796177364e-02
5.7363718000e-01 9.4648941236e-01 5.9896798069e-02
5.7729092000e-01 9.4582243978e-01 6.1010354834e-02
5.8094466000e-01 9.4515165450e-01 6.2136901425e-02
5.8459840000e-01 9.4447706429e-01 6.3276490769e-02
5.8825214000e-01 9.4379867691e-01 6.4429175329e-02
5.9190588000e-01 9.4311650011e-01 6.5595007329e-02
5.9555962000e-01 9.4243054175e-01 6.6774038175e-02
5.9921336000e-01 9.4174080974e-01 6.7966318808e-02
6.0286710000e-01 9.4104731194e-01 6.9171899890e-02
6.0652084000e-01 9.4035005635e-01 7.0390831202e-02
6.1017458000e-01 9.3964905091e-01 7.1623162422e-02
6.1382832000e-01 9.3894430367e-01 7.2868942358e-02
6.1748206000e-01 9.3823582273e-01 7.4128219345e-02
6.2113580000e-01 9.3752361614e-01 7.5401041472e-02
6.2478954000e-01 9.3680769207e-01 7.6687455989e-02
6.2844328000e-01 9.3608805873e-01 7.7987509665e-02
6.3209702000e-01 9.3536472428e-01 7.9301248987e-02
6.3575076000e-01 9.3463769703e-01 8.0628719534e-02
6.3940450000e-01 9.3390698522e-01 8.1969966784e-02
6.4305824000e-01 9.3317259720e-01 8.3325035321e-02
6.4671198000e-01 9.3243454138e-01 8.4693969240e-02
6.5036572000e-01 9.3169282609e-01 8.6076812394e-02
6.5401946000e-01 9.3094745981e-01 8.7473607769e-02
6.5767320000e-01 9.3019845103e-01 8.8884397860e-02
6.6132694000e-01 9.2944580822e-01 9.0309224878e-02
6.6498068000e-01 9.2868953997e-01 9.1748130101e-02
6.6863442000e-01 9.2792965482e-01 9.3201154707e-02
6.7228816000e-01 9.2716616141e-01 9.4668338956e-02
6.7594190000e-01 9.2639906842e-01 9.6149722616e-02
6.7959564000e-01 9.2562838449e-01 9.7645345202e-02
6.8324938000e-01 9.2485411837e-01 9.9155245346e-02
6.8690312000e-01 9.2407627884e-01 1.0067946118e-01
6.9055686000e-01 9.2329487465e-01 1.0221803055e-01
6.9421060000e-01 9.2250991468e-01 1.0377099034e-01
6.9786434000e-01 9.2172140773e-01 1.0533837734e-01
7.0151808000e-01 9.2092936273e-01 1.0692022741e-01
7.0517182000e-01 9.2013378864e-01 1.0851657591e-01
7.0882556000e-01 9.1933469436e-01 1.1012745792e-01
7.1247930000e-01 9.1853208894e-01 1.1175290765e-01
7.1613304000e-01 9.1772598140e-01 1.1339295878e-01
7.1978678000e-01 9.1691638078e-01 1.1504764472e-01
7.2344052000e-01 9.1610329623e-01 1.1671699789e-01
7.2709426000e-01 9.1528673681e-01 1.1840105061e-01
7.3074800000e-01 9.1446671172e-01 1.2009983427e-01
7.3440174000e-01 9.1364323018e-01 1.2181337973e-01
7.3805548000e-01 9.1281630137e-01 1.2354171761e-01
7.4170922000e-01 9.1198593457e-01 1.2528487759e-01
7.4536296000e-01 9.1115213909e-01 1.2704288886e-01
7.4901670000e-01 9.1031492422e-01 1.2881578030e-01
7.5267044000e-01 9.0947429935e-01 1.3060357982e-01
7.5632418000e-01 9.0863027382e-01 1.3240631521e-01
7.5997792000e-01 9.0778285708e-01 1.3422401332e-01
7.6363166000e-01 9.0693205860e-01 1.3605670047e-01
7.6728540000e-01 9.0607788779e-01 1.3790440272e-01
7.7093914000e-01 9.0522035422e-01 1.3976714521e-01
7.7459288000e-01 9.0435946742e-01 1.4164495256e-01
7.7824662000e-01 9.0349523692e-01 1.4353784909e-01
7.8190036000e-01 9.0262767239e-01 1.4544585811e-01
7.8555410000e-01 9.0175678338e-01 1.4736900287e-01
7.8920784000e-01 9.0088257959e-01 1.4930730562e-01
7.9286158000e-01 9.0000507073e-01 1.5126078807e-01
7.9651532000e-01 8.9912426647e-01 1.5322947171e-01
8.0016906000e-01 8.9824017658e-01 1.5521337708e-01
8.0382280000e-01 8.9735281086e-01 1.5721252418e-01
8.0747654000e-01 8.9646217906e-01 1.5922693273e-01
8.1113028000e-01 8.9556829107e-01 1.6125662144e-01
8.1478402000e-01 8.9467115669e-01 1.6330160893e-01
8.1843776000e-01 8.9377078584e-01 1.6536191282e-01
8.2209150000e-01 8.9286718847e-01 1.6743755022e-01
8.2574524000e-01 8.9196037446e-01 1.6952853798e-01
8.2939898000e-01 8.9105035382e-01 1.7163489201e-01
8.3305272000e-01 8.9013713655e-01 1.7375662768e-01
8.3670646000e-01 8.8922073265e-01 1.7589376007e-01
8.4036020000e-01 8.8830115221e-01 1.7804630325e-01
8.4401394000e-01 8.8737840527e-01 1.8021427120e-01
8.4766768000e-01 8.8645250194e-01 1.8239767691e-01
8.5132142000e-01 8.8552345240e-01 1.8459653282e-01
8.5497516000e-01 8.8459126674e-01 1.8681085115e-01
8.5862890000e-01 8.8365595517e-01 1.8904064314e-01
8.6228264000e-01 8.8271752794e-01 1.9128591953e-01
8.6593638000e-01 8.8177599521e-01 1.9354669076e-01
8.6959012000e-01 8.8083136732e-01 1.9582296621e-01
8.7324386000e-01 8.7988365447e-01 1.9811475524e-01
8.7689760000e-01 8.7893286702e-01 2.0042206615e-01
8.8055134000e-01 8.7797901532e-01 2.0274490675e-01
8.8420508000e-01 8.7702210968e-01 2.0508328461e-01
8.8785882000e-01 8.7606216051e-01 2.0743720631e-01
8.9151256000e-01 8.7509917823e-01 2.0980667791e-01
8.9516630000e-01 8.7413317323e-01 2.1219170521e-01
8.9882004000e-01 8.7316415601e-01 2.1459229294e-01
9.0247378000e-01 8.7219213700e-01 2.1700844580e-01
9.0612752000e-01 8.7121712673e-01 2.1944016745e-01
9.0978126000e-01 8.7023913574e-01 2.2188746103e-01
9.1343500000e-01 8.6925817453e-01 2.2435032946e-01
9.1708874000e-01 8.6827425370e-01 2.2682877467e-01
9.2074248000e-01 8.6728738385e-01 2.2932279809e-01
9.2439622000e-01 8.6629757555e-01 2.3183240084e-01
9.2804996000e-01 8.6530483947e-01 2.3435758316e-01
9.3170370000e-01 8.6430918628e-01 2.3689834472e-01
9.3535744000e-01 8.6331062661e-01 2.3945468491e-01
9.3901118000e-01 8.6230917122e-01 2.4202660211e-01
9.4266492000e-01 8.6130483076e-01 2.4461409461e-01
9.4631866000e-01 8.6029761602e-01 2.4721715970e-01
9.4997240000e-01 8.5928753778e-01 2.4983579417e-01
9.5362614000e-01 8.5827460676e-01 2.5246999454e-01
9.5727988000e-01 8.5725883381e-01 2.5511975641e-01
9.6093362000e-01 8.5624022976e-01 2.5778507484e-01
9.6458736000e-01 8.5521880541e-01 2.6046594459e-01
9.6824110000e-01 8.5419457167e-01 2.6316235944e-01
9.7189484000e-01 8.5316753938e-01 2.6587431307e-01
9.7554858000e-01 8.5213771946e-01 2.6860179816e-01
9.7920232000e-01 8.5110512285e-01 2.7134480692e-01
9.8285606000e-01 8.5006976045e-01 2.7410333126e-01
9.8650980000e-01 8.4903164325e-01 2.7687736219e-01
9.9016354000e-01 8.4799078222e-01 2.7966689018e-01
9.9381728000e-01 8.4694718834e-01 2.8247190543e-01
9.9747102000e-01 8.4590087265e-01 2.8529239714e-01
1.0011247600e+00 8.4485184614e-01 2.8812835441e-01
1.0047785000e+00 8.4380011989e-01 2.9097976538e-01
1.0084322400e+00 8.4274570497e-01 2.9384661768e-01
1.0120859800e+00 8.4168861243e-01 2.9672889868e-01
1.0157397200e+00 8.4062885340e-01 2.9962659485e-01
1.0193934600e+00 8.3956643899e-01 3.0253969212e-01
1.0230472000e+00 8.3850138031e-01 3.0546817616e-01
1.0267009400e+00 8.3743368856e-01 3.0841203164e-01
1.0303546800e+00 8.3636337484e-01 3.1137124315e-01
1.0340084200e+00 8.3529045037e-01 3.1434579431e-01
1.0376621600e+00 8.3421492635e-01 3.1733566826e-01
1.0413159000e+00 8.3313681397e-01 3.2034084788e-01
1.0449696400e+00 8.3205612447e-01 3.2336131512e-01
1.0486233800e+00 8.3097286912e-01 3.2639705147e-01
1.0522771200e+00 8.2988705912e-01 3.2944803811e-01
1.0559308600e+00 8.2879870580e-01 3.3251425524e-01
1.0595846000e+00 8.2770782040e-01 3.3559568301e-01
1.0632383400e+00 8.2661441424e-01 3.3869230059e-01
1.0668920800e+00 8.2551849866e-01 3.4180408667e-01
1.0705458200e+00 8.2442008494e-01 3.4493101971e-01
1.0741995600e+00 8.2331918446e-01 3.4807307725e-01
1.0778533000e+00 8.2221580857e-01 3.5123023635e-01
1.0815070400e+00 8.2110996862e-01 3.5440247380e-01
1.0851607800e+00 8.2000167602e-01 3.5758976541e-01
1.0888145200e+00 8.1889094213e-01 3.6079208694e-01
1.0924682600e+00 8.1777777839e-01 3.6400941320e-01
1.0961220000e+00 8.1666219622e-01 3.6724171851e-01
1.0997757400e+00 8.1554420701e-01 3.7048897697e-01
1.1034294800e+00 8.1442382225e-01 3.7375116179e-01
1.1070832200e+00 8.1330105339e-01 3.7702824571e-01
1.1107369600e+00 8.1217591187e-01 3.8032020117e-01
1.1143907000e+00 8.1104840921e-01 3.8362699969e-01
1.1180444400e+00 8.0991855685e-01 3.8694861272e-01
1.1216981800e+00 8.0878636632e-01 3.9028501079e-01
1.1253519200e+00 8.0765184915e-01 3.9363616395e-01
1.1290056600e+00 8.0651501682e-01 3.9700204203e-01
1.1326594000e+00 8.0537588088e-01 4.0038261398e-01
1.1363131400e+00 8.0423445289e-01 4.0377784829e-01
1.1399668800e+00 8.0309074437e-01 4.0718771320e-01
1.1436206200e+00 8.0194476692e-01 4.1061217600e-01
1.1472743600e+00 8.0079653207e-01 4.1405120392e-01
1.1509281000e+00 7.9964605143e-01 4.1750476332e-01
1.1545818400e+00 7.9849333659e-01 4.2097282004e-01
1.1582355800e+00 7.9733839912e-01 4.2445533977e-01
1.1618893200e+00 7.9618125065e-01 4.2795228730e-01
1.1655430600e+00 7.9502190281e-01 4.3146362697e-01
1.1691968000e+00 7.9386036719e-01 4.3498932289e-01
1.1728505400e+00 7.9269665546e-01 4.3852933824e-01
1.1765042800e+00 7.9153077922e-01 4.4208363615e-01
1.1801580200e+00 7.9036275013e-01 4.4565217888e-01
1.1838117600e+00 7.8919257987e-01 4.4923492821e-01
1.1874655000e+00 7.8802028007e-01 4.5283184576e-01
1.1911192400e+00 7.8684586241e-01 4.5644289227e-01
1.1947729800e+00 7.8566933859e-01 4.6006802806e-01
1.1984267200e+00 7.8449072025e-01 4.6370721321e-01
1.2020804600e+00 7.8331001911e-01 4.6736040690e-01
1.2057342000e+00 7.8212724685e-01 4.7102756827e-01
1.2093879400e+00 7.8094241517e-01 4.7470865560e-01
1.2130416800e+00 7.7975553579e-01 4.7840362672e-01
1.2166954200e+00 7.7856662041e-01 4.8211243929e-01
1.2203491600e+00 7.7737568076e-01 4.8583505013e-01
1.2240029000e+00 7.7618272856e-01 4.8957141565e-01
1.2276566400e+00 7.7498777552e-01 4.9332149201e-01
1.2313103800e+00 7.7379083341e-01 4.9708523453e-01
1.2349641200e+00 7.7259191393e-01 5.0086259846e-01
1.2386178600e+00 7.7139102883e-01 5.0465353825e-01
1.2422716000e+00 7.7018818988e-01 5.0845800788e-01
1.2459253400e+00 7.6898340880e-01 5.1227596118e-01
1.2495790800e+00 7.6777669736e-01 5.1610735118e-01
1.2532328200e+00 7.6656806733e-01 5.1995213049e-01
1.2568865600e+00 7.6535753043e-01 5.2381025152e-01
1.2605403000e+00 7.6414509847e-01 5.2768166581e-01
1.2641940400e+00 7.6293078319e-01 5.3156632488e-01
1.2678477800e+00 7.6171459635e-01 5.3546417945e-01
1.2715015200e+00 7.6049654976e-01 5.3937517981e-01
1.2751552600e+00 7.5927665516e-01 5.4329927609e-01
1.2788090000e+00 7.5805492434e-01 5.4723641766e-01
1.2824627400e+00 7.5683136909e-01 5.5118655347e-01
1.2861164800e+00 7.5560600117e-01 5.5514963227e-01
1.2897702200e+00 7.5437883239e-01 5.5912560202e-01
1.2934239600e+00 7.5314987449e-01 5.6311441062e-01
1.2970777000e+00 7.5191913929e-01 5.6711600520e-01
1.3007314400e+00 7.5068663857e-01 5.7113033250e-01
1.3043851800e+00 7.4945238411e-01 5.7515733910e-01
1.3080389200e+00 7.4821638769e-01 5.7919697082e-01
1.3116926600e+00 7.4697866113e-01 5.8324917311e-01
1.3153464000e+00 7.4573921618e-01 5.8731389125e-01
1.3190001400e+00 7.4449806466e-01 5.9139106968e-01
1.3226538800e+00 7.4325521833e-01 5.9548065287e-01
1.3263076200e+00 7.4201068899e-01 5.9958258452e-01
1.3299613600e+00 7.4076448844e-01 6.0369680793e-01
1.3336151000e+00 7.3951662844e-01 6.0782326628e-01
1.3372688400e+00 7.3826712080e-01 6.1196190202e-01
1.3409225800e+00 7.3701597729e-01 6.1611265725e-01
1.3445763200e+00 7.3576320969e-01 6.2027547387e-01
1.3482300600e+00 7.3450882981e-01 6.2445029303e-01
1.3518838000e+00 7.3325284938e-01 6.2863705587e-01
1.3555375400e+00 7.3199528022e-01 6.3283570282e-01
1.3591912800e+00 7.3073613410e-01 6.3704617391e-01
1.3628450200e+00 7.2947542277e-01 6.4126840907e-01
1.3664987600e+00 7.2821315802e-01 6.4550234754e-01
1.3701525000e+00 7.2694935163e-01 6.4974792818e-01
1.3738062400e+00 7.2568401534e-01 6.5400508973e-01
1.3774599800e+00 7.2441716092e-01 6.5827377026e-01
1.3811137200e+00 7.2314880015e-01 6.6255390750e-01
1.3847674600e+00 7.2187894476e-01 6.6684543899e-01
1.3884212000e+00 7.2060760652e-01 6.7114830160e-01
1.3920749400e+00 7.1933479717e-01 6.7546243216e-01
1.3957286800e+00 7.1806052845e-01 6.7978776683e-01
1.3993824200e+00 7.1678481212e-01 6.8412424146e-01
1.4030361600e+00 7.1550765990e-01 6.8847179173e-01
1.4066899000e+00 7.1422908353e-01 6.9283035272e-01
1.4103436400e+00 7.1294909474e-01 6.9719985919e-01
1.4139973800e+00 7.1166770523e-01 7.0158024570e-01
1.4176511200e+00 7.1038492676e-01 7.0597144618e-01
1.4213048600e+00 7.0910077100e-01 7.1037339455e-01
1.4249586000e+00 7.0781524968e-01 7.1478602407e-01
1.4286123400e+00 7.0652837450e-01 7.1920926770e-01
1.4322660800e+00 7.0524015715e-01 7.2364305828e-01
1.4359198200e+00 7.0395060932e-01 7.2808732805e-01
1.4395735600e+00 7.0265974270e-01 7.3254200894e-01
1.4432273000e+00 7.0136756896e-01 7.3700703274e-01
1.4468810400e+00 7.0007409979e-01 7.4148233060e-01
1.4505347800e+00 6.9877934682e-01 7.4596783369e-01
1.4541885200e+00 6.9748332173e-01 7.5046347254e-01
1.4578422600e+00 6.9618603618e-01 7.5496917742e-01
1.4614960000e+00 6.9488750179e-01 7.5948487847e-01
1.4651497400e+00 6.9358773020e-01 7.6401050526e-01
1.4688034800e+00 6.9228673307e-01 7.6854598711e-01
1.4724572200e+00 6.9098452198e-01 7.7309125317e-01
1.4761109600e+00 6.8968110856e-01 7.7764623201e-01
1.4797647000e+00 6.8837650442e-01 7.8221085221e-01
1.4834184400e+00 6.8707072114e-01 7.8678504175e-01
1.4870721800e+00 6.8576377034e-01 7.9136872839e-01
1.4907259200e+00 6.8445566357e-01 7.9596183974e-01
1.4943796600e+00 6.8314641240e-01 8.0056430290e-01
1.4980334000e+00 6.8183602842e-01 8.0517604473e-01
1.5016871400e+00 6.8052452316e-01 8.0979699193e-01
1.5053408800e+00 6.7921190818e-01 8.1442707067e-01
1.5089946200e+00 6.7789819499e-01 8.1906620711e-01
1.5126483600e+00 6.7658339514e-01 8.2371432689e-01
1.5163021000e+00 6.7526752014e-01 8.2837135540e-01
1.5199558400e+00 6.7395058148e-01 8.3303721793e-01
1.5236095800e+00 6.7263259067e-01 8.3771183929e-01
1.5272633200e+00 6.7131355919e-01 8.4239514405e-01
1.5309170600e+00 6.6999349852e-01 8.4708705664e-01
1.5345708000e+00 6.6867242013e-01 8.5178750102e-01
1.5382245400e+00 6.6735033545e-01 8.5649640113e-01
1.5418782800e+00 6.6602725594e-01 8.6121368041e-01
1.5455320200e+00 6.6470319303e-01 8.6593926211e-01
1.5491857600e+00 6.6337815813e-01 8.7067306936e-01
1.5528395000e+00 6.6205216267e-01 8.7541502486e-01
1.5564932400e+00 6.6072521803e-01 8.8016505107e-01
1.5601469800e+00 6.5939733560e-01 8.8492307038e-01
1.5638007200e+00 6.5806852676e-01 8.8968900468e-01
1.5674544600e+00 6.5673880286e-01 8.9446277587e-01
1.5711082000e+00 6.5540817525e-01 8.9924430543e-01
1.5747619400e+00 6.5407665528e-01 9.0403351461e-01
1.5784156800e+00 6.5274425427e-01 9.0883032457e-01
1.5820694200e+00 6.5141098353e-01 9.1363465611e-01
1.5857231600e+00 6.5007685436e-01 9.1844642977e-01
1.5893769000e+00 6.4874187804e-01 9.2326556604e-01
1.5930306400e+00 6.4740606586e-01 9.2809198498e-01
1.5966843800e+00 6.4606942906e-01 9.3292560664e-01
1.6003381200e+00 6.4473197890e-01 9.3776635068e-01
1.6039918600e+00 6.4339372661e-01 9.4261413656e-01
1.6076456000e+00 6.4205468341e-01 9.4746888370e-01
1.6112993400e+00 6.4071486050e-01 9.5233051112e-01
1.6149530800e+00 6.3937426908e-01 9.5719893768e-01
1.6186068200e+00 6.3803292032e-01 9.6207408216e-01
1.6222605600e+00 6.3669082539e-01 9.6695586295e-01
1.6259143000e+00 6.3534799543e-01 9.7184419845e-01
1.6295680400e+00 6.3400444158e-01 9.7673900670e-01
1.6332217800e+00 6.3266017497e-01 9.8164020557e-01
1.6368755200e+00 6.3131520668e-01 9.8654771290e-01
1.6405292600e+00 6.2996954781e-01 9.9146144616e-01
1.6441830000e+00 6.2862320944e-01 9.9638132268e-01
1.6478367400e+00 6.2727620262e-01 1.0013072597e+00
1.6514904800e+00 6.2592853841e-01 1.0062391743e+00
1.6551442200e+00 6.2458022781e-01 1.0111769832e+00
1.6587979600e+00 6.2323128185e-01 1.0161206031e+00
1.6624517000e+00 6.2188171153e-01 1.0210699505e+00
1.6661054400e+00 6.2053152781e-01 1.0260249418e+00
1.6697591800e+00 6.1918074167e-01 1.0309854932e+00
1.6734129200e+00 6.1782936406e-01 1.0359515206e+00
1.6770666600e+00 6.1647740590e-01 1.0409229400e+00
1.6807204000e+00 6.1512487811e-01 1.0458996670e+00
1.6843741400e+00 6.1377179158e-01 1.0508816174e+00
1.6880278800e+00 6.1241815719e-01 1.0558687064e+00
1.6916816200e+00 6.1106398582e-01 1.0608608494e+00
1.6953353600e+00 6.0970928830e-01 1.0658579616e+00
1.6989891000e+00 6.0835407546e-01 1.0708599580e+00
1.7026428400e+00 6.0699835813e-01 1.0758667533e+00
1.7062965800e+00 6.0564214707e-01 1.0808782625e+00
1.7099503200e+00 6.0428545309e-01 1.0858944001e+00
1.7136040600e+00 6.0292828693e-01 1.0909150807e+00
1.7172578000e+00 6.0157065933e-01 1.0959402187e+00
1.7209115400e+00 6.0021258103e-01 1.1009697282e+00
1.7245652800e+00 5.9885406271e-01 1.1060035235e+00
1.7282190200e+00 5.9749511506e-01 1.1110415186e+00
1.7318727600e+00 5.9613574877e-01 1.1160836275e+00
1.7355265000e+00 5.9477597446e-01 1.1211297640e+00
1.7391802400e+00 5.9341580278e-01 1.1261798417e+00
1.7428339800e+00 5.9205524433e-01 1.1312337745e+00
1.7464877200e+00 5.9069430970e-01 1.1362914757e+00
1.7501414600e+00 5.8933300947e-01 1.1413528589e+00
1.7537952000e+00 5.8797135420e-01 1.1464178373e+00
1.7574489400e+00 5.8660935441e-01 1.1514863243e+00
1.7611026800e+00 5.8524702062e-01 1.1565582330e+00
1.7647564200e+00 5.8388436332e-01 1.1616334766e+00
1.7684101600e+00 5.8252139300e-01 1.1667119680e+00
1.7720639000e+00 5.8115812010e-01 1.1717936202e+00
1.7757176400e+00 5.7979455506e-01 1.1768783461e+00
1.7793713800e+00 5.7843070830e-01 1.1819660584e+00
1.7830251200e+00 5.7706659022e-01 1.1870566700e+00
1.7866788600e+00 5.7570221117e-01 1.1921500935e+00
1.7903326000e+00 5.7433758154e-01 1.1972462415e+00
1.7939863400e+00 5.7297271163e-01 1.2023450266e+00
1.7976400800e+00 5.7160761178e-01 1.2074463612e+00
1.8012938200e+00 5.7024229226e-01 1.2125501578e+00
1.8049475600e+00 5.6887676335e-01 1.2176563289e+00
1.8086013000e+00 5.6751103531e-01 1.2227647868e+00
1.8122550400e+00 5.6614511836e-01 1.2278754438e+00
1.8159087800e+00 5.6477902270e-01 1.2329882122e+00
1.8195625200e+00 5.6341275854e-01 1.2381030042e+00
1.8232162600e+00 5.6204633602e-01 1.2432197320e+00
1.8268700000e+00 5.6067976529e-01 1.2483383078e+00
1.8305237400e+00 5.5931305648e-01 1.2534586438e+00
1.8341774800e+00 5.5794621969e-01 1.2585806520e+00
1.8378312200e+00 5.5657926499e-01 1.2637042446e+00
1.8414849600e+00 5.5521220243e-01 1.2688293337e+00
1.8451387000e+00 5.5384504206e-01 1.2739558312e+00
1.8487924400e+00 5.5247779388e-01 1.2790836494e+00
1.8524461800e+00 5.5111046789e-01 1.2842127001e+00
1.8560999200e+00 5.4974307404e-01 1.2893428955e+00
1.8597536600e+00 5.4837562229e-01 1.2944741476e+00
1.8634074000e+00 5.4700812256e-01 1.2996063684e+00
1.8670611400e+00 5.4564058473e-01 1.3047394699e+00
1.8707148800e+00 5.4427301870e-01 1.3098733641e+00
1.8743686200e+00 5.4290543431e-01 1.3150079631e+00
1.8780223600e+00 5.4153784139e-01 1.3201431790e+00
1.8816761000e+00 5.4017024975e-01 1.3252789238e+00
1.8853298400e+00 5.3880266917e-01 1.3304151096e+00
1.8889835800e+00 5.3743510941e-01 1.3355516484e+00
1.8926373200e+00 5.3606758021e-01 1.3406884525e+00
1.8962910600e+00 5.3470009128e-01 1.3458254339e+00
1.8999448000e+00 5.3333265232e-01 1.3509625047e+00
1.9035985400e+00 5.3196527297e-01 1.3560995773e+00
1.9072522800e+00 5.3059796290e-01 1.3612365638e+00
1.9109060200e+00 5.2923073171e-01 1.3663733765e+00
1.9145597600e+00 5.2786358899e-01 1.3715099277e+00
1.9182135000e+00 5.2649654433e-01 1.3766461297e+00
1.9218672400e+00 5.2512960726e-01 1.3817818949e+00
1.9255209800e+00 5.2376278730e-01 1.3869171358e+00
1.9291747200e+00 5.2239609395e-01 1.3920517648e+00
1.9328284600e+00 5.2102953668e-01 1.3971856945e+00
1.9364822000e+00 5.1966312495e-01 1.4023188374e+00
1.9401359400e+00 5.1829686816e-01 1.4074511062e+00
1.9437896800e+00 5.1693077573e-01 1.4125824137e+00
1.9474434200e+00 5.1556485702e-01 1.4177126725e+00
1.9510971600e+00 5.1419912139e-01 1.4228417955e+00
1.9547509000e+00 5.1283357815e-01 1.4279696957e+00
1.9584046400e+00 5.1146823660e-01 1.4330962859e+00
1.9620583800e+00 5.1010310602e-01 1.4382214793e+00
1.9657121200e+00 5.0873819565e-01 1.4433451890e+00
1.9693658600e+00 5.0737351472e-01 1.4484673281e+00
1.9730196000e+00 5.0600907242e-01 1.4535878099e+00
1.9766733400e+00 5.0464487793e-01 1.4587065479e+00
1.9803270800e+00 5.0328094038e-01 1.4638234555e+00
1.9839808200e+00 5.0191726891e-01 1.4689384462e+00
1.9876345600e+00 5.0055387260e-01 1.4740514337e+00
1.9912883000e+00 4.9919076053e-01 1.4791623316e+00
1.9949420400e+00 4.9782794173e-01 1.4842710540e+00
1.9985957800e+00 4.9646542523e-01 1.4893775146e+00
2.0022495200e+00 4.9510322000e-01 1.4944816275e+00
2.0059032600e+00 4.9374133503e-01 1.4995833068e+00
2.0095570000e+00 4.9237977924e-01 1.5046824669e+00
2.0132107400e+00 4.9101856155e-01 1.5097790221e+00
2.0168644800e+00 4.8965769084e-01 1.5148728868e+00
2.0205182200e+00 4.8829717598e-01 1.5199639756e+00
2.0241719600e+00 4.8693702579e-01 1.5250522033e+00
2.0278257000e+00 4.8557724908e-01 1.5301374846e+00
2.0314794400e+00 4.8421785463e-01 1.5352197346e+00
2.0351331800e+00 4.8285885120e-01 1.5402988684e+00
2.0387869200e+00 4.8150024751e-01 1.5453748010e+00
2.0424406600e+00 4.8014205225e-01 1.5504474480e+00
2.0460944000e+00 4.7878427411e-01 1.5555167247e+00
2.0497481400e+00 4.7742692172e-01 1.5605825468e+00
2.0534018800e+00 4.7607000371e-01 1.5656448300e+00
2.0570556200e+00 4.7471352867e-01 1.5707034902e+00
2.0607093600e+00 4.7335750515e-01 1.5757584434e+00
2.0643631000e+00 4.7200194170e-01 1.5808096060e+00
2.0680168400e+00 4.7064684683e-01 1.5858568941e+00
2.0716705800e+00 4.6929222901e-01 1.5909002243e+00
2.0753243200e+00 4.6793809671e-01 1.5959395131e+00
2.0789780600e+00 4.6658445835e-01 1.6009746775e+00
2.0826318000e+00 4.6523132232e-01 1.6060056343e+00
2.0862855400e+00 4.6387869702e-01 1.6110323007e+00
2.0899392800e+00 4.6252659076e-01 1.6160545939e+00
2.0935930200e+00 4.6117501188e-01 1.6210724314e+00
2.0972467600e+00 4.5982396866e-01 1.6260857309e+00
2.1009005000e+00 4.5847346935e-01 1.6310944100e+00
2.1045542400e+00 4.5712352221e-01 1.6360983868e+00
2.1082079800e+00 4.5577413543e-01 1.6410975793e+00
2.1118617200e+00 4.5442531719e-01 1.6460919060e+00
2.1155154600e+00 4.5307707563e-01 1.6510812852e+00
2.1191692000e+00 4.5172941888e-01 1.6560656357e+00
2.1228229400e+00 4.5038235503e-01 1.6610448763e+00
2.1264766800e+00 4.4903589215e-01 1.6660189261e+00
2.1301304200e+00 4.4769003827e-01 1.6709877043e+00
2.1337841600e+00 4.4634480140e-01 1.6759511303e+00
2.1374379000e+00 4.4500018953e-01 1.6809091237e+00
2.1410916400e+00 4.4365621059e-01 1.6858616044e+00
2.1447453800e+00 4.4231287252e-01 1.6908084924e+00
2.1483991200e+00 4.4097018321e-01 1.6957497078e+00
2.1520528600e+00 4.3962815051e-01 1.7006851712e+00
2.1557066000e+00 4.3828678229e-01 1.7056148031e+00
2.1593603400e+00 4.3694608633e-01 1.7105385244e+00
2.1630140800e+00 4.3560607043e-01 1.7154562561e+00
2.1666678200e+00 4.3426674232e-01 1.7203679194e+00
2.1703215600e+00 4.3292810974e-01 1.7252734359e+00
2.1739753000e+00 4.3159018038e-01 1.7301727272e+00
2.1776290400e+00 4.3025296190e-01 1.7350657152e+00
2.1812827800e+00 4.2891646194e-01 1.7399523220e+00
2.1849365200e+00 4.2758068810e-01 1.7448324700e+00
2.1885902600e+00 4.2624564797e-01 1.7497060818e+00
2.1922440000e+00 4.2491134909e-01 1.7545730801e+00
2.1958977400e+00 4.2357779898e-01 1.7594333879e+00
2.1995514800e+00 4.2224500513e-01 1.7642869287e+00
2.2032052200e+00 4.2091297501e-01 1.7691336256e+00
2.2068589600e+00 4.1958171605e-01 1.7739734027e+00
2.2105127000e+00 4.1825123564e-01 1.7788061838e+00
2.2141664400e+00 4.1692154117e-01 1.7836318930e+00
2.2178201800e+00 4.1559263997e-01 1.7884504550e+00
2.2214739200e+00 4.1426453937e-01 1.7932617942e+00
2.2251276600e+00 4.1293724665e-01 1.7980658357e+00
2.2287814000e+00 4.1161076907e-01 1.8028625047e+00
2.2324351400e+00 4.1028511385e-01 1.8076517265e+00
2.2360888800e+00 4.0896028819e-01 1.8124334269e+00
2.2397426200e+00 4.0763629926e-01 1.8172075318e+00
2.2433963600e+00 4.0631315420e-01 1.8219739673e+00
2.2470501000e+00 4.0499086011e-01 1.8267326601e+00
2.2507038400e+00 4.0366942409e-01 1.8314835365e+00
2.2543575800e+00 4.0234885318e-01 1.8362265238e+00
2.2580113200e+00 4.0102915438e-01 1.8409615492e+00
2.2616650600e+00 3.9971033472e-01 1.8456885400e+00
2.2653188000e+00 3.9839240113e-01 1.8504074242e+00
2.2689725400e+00 3.9707536055e-01 1.8551181296e+00
2.2726262800e+00 3.9575921988e-01 1.8598205847e+00
2.2762800200e+00 3.9444398600e-01 1.8645147180e+00
2.2799337600e+00 3.9312966575e-01 1.8692004583e+00
2.2835875000e+00 3.9181626594e-01 1.8738777347e+00
2.2872412400e+00 3.9050379335e-01 1.8785464768e+00
2.2908949800e+00 3.8919225473e-01 1.8832066140e+00
2.2945487200e+00 3.8788165682e-01 1.8878580765e+00
2.2982024600e+00 3.8657200629e-01 1.8925007945e+00
2.3018562000e+00 3.8526330982e-01 1.8971346984e+00
2.3055099400e+00 3.8395557404e-01 1.9017597191e+00
2.3091636800e+00 3.8264880554e-01 1.9063757878e+00
2.3128174200e+00 3.8134301091e-01 1.9109828358e+00
2.3164711600e+00 3.8003819668e-01 1.9155807949e+00
2.3201249000e+00 3.7873436938e-01 1.9201695968e+00
2.3237786400e+00 3.7743153549e-01 1.9247491741e+00
2.3274323800e+00 3.7612970144e-01 1.9293194593e+00
2.3310861200e+00 3.7482887368e-01 1.9338803852e+00
2.3347398600e+00 3.7352905859e-01 1.9384318849e+00
2.3383936000e+00 3.7223026253e-01 1.9429738922e+00
2.3420473400e+00 3.7093249185e-01 1.9475063405e+00
2.3457010800e+00 3.6963575283e-01 1.9520291642e+00
2.3493548200e+00 3.6834005176e-01 1.9565422975e+00
2.3530085600e+00 3.6704539488e-01 1.9610456752e+00
2.3566623000e+00 3.6575178839e-01 1.9655392324e+00
2.3603160400e+00 3.6445923849e-01 1.9700229042e+00
2.3639697800e+00 3.6316775132e-01 1.9744966263e+00
2.3676235200e+00 3.6187733300e-01 1.9789603349e+00
2.3712772600e+00 3.6058798963e-01 1.9834139660e+00
2.3749310000e+00 3.5929972727e-01 1.9878574564e+00
2.3785847400e+00 3.5801255195e-01 1.9922907428e+00
2.3822384800e+00 3.5672646968e-01 1.9967137626e+00
2.3858922200e+00 3.5544148640e-01 2.0011264534e+00
2.3895459600e+00 3.5415760809e-01 2.0055287529e+00
2.3931997000e+00 3.5287484064e-01 2.0099205994e+00
2.3968534400e+00 3.5159318993e-01 2.0143019315e+00
2.4005071800e+00 3.5031266182e-01 2.0186726879e+00
2.4041609200e+00 3.4903326211e-01 2.0230328081e+00
2.4078146600e+00 3.4775499661e-01 2.0273822313e+00
2.4114684000e+00 3.4647787108e-01 2.0317208975e+00
2.4151221400e+00 3.4520189122e-01 2.0360487470e+00
2.4187758800e+00 3.4392706277e-01 2.0403657201e+00
2.4224296200e+00 3.4265339137e-01 2.0446717579e+00
2.4260833600e+00 3.4138088266e-01 2.0489668015e+00
2.4297371000e+00 3.4010954226e-01 2.0532507924e+00
2.4333908400e+00 3.3883937574e-01 2.0575236727e+00
2.4370445800e+00 3.3757038865e-01 2.0617853844e+00
2.4406983200e+00 3.3630258651e-01 2.0660358702e+00
2.4443520600e+00 3.3503597479e-01 2.0702750730e+00
2.4480058000e+00 3.3377055898e-01 2.0745029361e+00
2.4516595400e+00 3.3250634447e-01 2.0787194030e+00
2.4553132800e+00 3.3124333668e-01 2.0829244179e+00
2.4589670200e+00 3.2998154096e-01 2.0871179249e+00
2.4626207600e+00 3.2872096266e-01 2.0912998689e+00
2.4662745000e+00 3.2746160708e-01 2.0954701947e+00
2.4699282400e+00 3.2620347950e-01 2.0996288478e+00
2.4735819800e+00 3.2494658514e-01 2.1037757740e+00
2.4772357200e+00 3.2369092925e-01 2.1079109192e+00
2.4808894600e+00 3.2243651700e-01 2.1120342300e+00
2.4845432000e+00 3.2118335354e-01 2.1161456533e+00
2.4881969400e+00 3.1993144400e-01 2.1202451361e+00
2.4918506800e+00 3.1868079346e-01 2.1243326261e+00
2.4955044200e+00 3.1743140700e-01 2.1284080710e+00
2.4991581600e+00 3.1618328966e-01 2.1324714192e+00
2.5028119000e+00 3.1493644642e-01 2.1365226194e+00
2.5064656400e+00 3.1369088227e-01 2.1405616205e+00
2.5101193800e+00 3.1244660215e-01 2.1445883718e+00
2.5137731200e+00 3.1120361096e-01 2.1486028233e+00
2.5174268600e+00 3.0996191361e-01 2.1526049248e+00
2.5210806000e+00 3.0872151492e-01 2.1565946270e+00
2.5247343400e+00 3.0748241974e-01 2.1605718806e+00
2.5283880800e+00 3.0624463286e-01 2.1645366370e+00
2.5320418200e+00 3.0500815902e-01 2.1684888477e+00
2.5356955600e+00 3.0377300297e-01 2.1724284646e+00
2.5393493000e+00 3.0253916942e-01 2.1763554401e+00
2.5430030400e+00 3.0130666302e-01 2.1802697271e+00
2.5466567800e+00 3.0007548843e-01 2.1841712785e+00
2.5503105200e+00 2.9884565025e-01 2.1880600480e+00
2.5539642600e+00 2.9761715308e-01 2.1919359892e+00
2.5576180000e+00 2.9639000145e-01 2.1957990565e+00
2.5612717400e+00 2.9516419990e-01 2.1996492046e+00
2.5649254800e+00 2.9393975291e-01 2.2034863884e+00
2.5685792200e+00 2.9271666496e-01 2.2073105634e+00
2.5722329600e+00 2.9149494046e-01 2.2111216855e+00
2.5758867000e+00 2.9027458383e-01 2.2149197106e+00
2.5795404400e+00 2.8905559943e-01 2.2187045955e+00
2.5831941800e+00 2.8783799162e-01 2.2224762969e+00
2.5868479200e+00 2.8662176470e-01 2.2262347724e+00
2.5905016600e+00 2.8540692295e-01 2.2299799798e+00
2.5941554000e+00 2.8419347064e-01 2.2337118769e+00
2.5978091400e+00 2.8298141199e-01 2.2374304225e+00
2.6014628800e+00 2.8177075117e-01 2.2411355755e+00
2.6051166200e+00 2.8056149238e-01 2.2448272950e+00
2.6087703600e+00 2.7935363972e-01 2.2485055410e+00
2.6124241000e+00 2.7814719733e-01 2.2521702734e+00
2.6160778400e+00 2.7694216926e-01 2.2558214527e+00
2.6197315800e+00 2.7573855956e-01 2.2594590399e+00
2.6233853200e+00 2.7453637226e-01 2.2630829962e+00
2.6270390600e+00 2.7333561133e-01 2.2666932833e+00
2.6306928000e+00 2.7213628073e-01 2.2702898635e+00
2.6343465400e+00 2.7093838440e-01 2.2738726990e+00
2.6380002800e+00 2.6974192621e-01 2.2774417530e+00
2.6416540200e+00 2.6854691007e-01 2.2809969885e+00
2.6453077600e+00 2.6735333979e-01 2.2845383694e+00
2.6489615000e+00 2.6616121918e-01 2.2880658598e+00
2.6526152400e+00 2.6497055203e-01 2.2915794241e+00
2.6562689800e+00 2.6378134209e-01 2.2950790273e+00
2.6599227200e+00 2.6259359307e-01 2.2985646349e+00
2.6635764600e+00 2.6140730868e-01 2.3020362123e+00
2.6672302000e+00 2.6022249256e-01 2.3054937260e+00
2.6708839400e+00 2.5903914837e-01 2.3089371422e+00
2.6745376800e+00 2.5785727969e-01 2.3123664281e+00
2.6781914200e+00 2.5667689011e-01 2.3157815511e+00
2.6818451600e+00 2.5549798317e-01 2.3191824789e+00
2.6854989000e+00 2.5432056240e-01 2.3225691796e+00
2.6891526400e+00 2.5314463126e-01 2.3259416221e+00
2.6928063800e+00 2.5197019323e-01 2.3292997751e+00
2.6964601200e+00 2.5079725173e-01 2.3326436083e+00
2.7001138600e+00 2.4962581017e-01 2.3359730913e+00
2.7037676000e+00 2.4845587192e-01 2.3392881946e+00
2.7074213400e+00 2.4728744031e-01 2.3425888888e+00
2.7110750800e+00 2.4612051866e-01 2.3458751450e+00
2.7147288200e+00 2.4495511027e-01 2.3491469347e+00
2.7183825600e+00 2.4379121836e-01 2.3524042300e+00
2.7220363000e+00 2.4262884619e-01 2.3556470030e+00
2.7256900400e+00 2.4146799694e-01 2.3588752267e+00
2.7293437800e+00 2.4030867379e-01 2.3620888741e+00
2.7329975200e+00 2.3915087988e-01 2.3652879190e+00
2.7366512600e+00 2.3799461831e-01 2.3684723354e+00
2.7403050000e+00 2.3683989218e-01 2.3716420976e+00
2.7439587400e+00 2.3568670453e-01 2.3747971807e+00
2.7476124800e+00 2.3453505839e-01 2.3779375600e+00
2.7512662200e+00 2.3338495676e-01 2.3810632110e+00
2.7549199600e+00 2.3223640261e-01 2.3841741101e+00
2.7585737000e+00 2.3108939886e-01 2.3872702338e+00
2.7622274400e+00 2.2994394846e-01 2.3903515590e+00
2.7658811800e+00 2.2880005425e-01 2.3934180634e+00
2.7695349200e+00 2.2765771912e-01 2.3964697246e+00
2.7731886600e+00 2.2651694589e-01 2.3995065210e+00
2.7768424000e+00 2.2537773733e-01 2.4025284314e+00
2.7804961400e+00 2.2424009625e-01 2.4055354347e+00
2.7841498800e+00 2.2310402537e-01 2.4085275106e+00
2.7878036200e+00 2.2196952740e-01 2.4115046393e+00
2.7914573600e+00 2.2083660503e-01 2.4144668009e+00
2.7951111000e+00 2.1970526092e-01 2.4174139766e+00
2.7987648400e+00 2.1857549770e-01 2.4203461473e+00
2.8024185800e+00 2.1744731797e-01 2.4232632950e+00
2.8060723200e+00 2.1632072429e-01 2.4261654020e+00
2.8097260600e+00 2.1519571923e-01 2.4290524505e+00
2.8133798000e+00 2.1407230529e-01 2.4319244237e+00
2.8170335400e+00 2.1295048495e-01 2.4347813053e+00
2.8206872800e+00 2.1183026069e-01 2.4376230788e+00
2.8243410200e+00 2.1071163493e-01 2.4404497289e+00
2.8279947600e+00 2.0959461009e-01 2.4432612400e+00
2.8316485000e+00 2.0847918854e-01 2.4460575975e+00
2.8353022400e+00 2.0736537261e-01 2.4488387871e+00
2.8389559800e+00 2.0625316466e-01 2.4516047947e+00
2.8426097200e+00 2.0514256697e-01 2.4543556070e+00
2.8462634600e+00 2.0403358179e-01 2.4570912109e+00
2.8499172000e+00 2.0292621138e-01 2.4598115936e+00
2.8535709400e+00 2.0182045793e-01 2.4625167433e+00
2.8572246800e+00 2.0071632365e-01 2.4652066479e+00
2.8608784200e+00 1.9961381069e-01 2.4678812962e+00
2.8645321600e+00 1.9851292116e-01 2.4705406776e+00
2.8681859000e+00 1.9741365719e-01 2.4731847814e+00
2.8718396400e+00 1.9631602085e-01 2.4758135977e+00
2.8754933800e+00 1.9522001416e-01 2.4784271172e+00
2.8791471200e+00 1.9412563918e-01 2.4810253305e+00
2.8828008600e+00 1.9303289786e-01 2.4836082292e+00
2.8864546000e+00 1.9194179221e-01 2.4861758049e+00
2.8901083400e+00 1.9085232415e-01 2.4887280499e+00
2.8937620800e+00 1.8976449558e-01 2.4912649571e+00
2.8974158200e+00 1.8867830841e-01 2.4937865194e+00
2.9010695600e+00 1.8759376448e-01 2.4962927305e+00
2.9047233000e+00 1.8651086561e-01 2.4987835845e+00
2.9083770400e+00 1.8542961363e-01 2.5012590757e+00
2.9120307800e+00 1.8435001030e-01 2.5037191992e+00
2.9156845200e+00 1.8327205739e-01 2.5061639503e+00
2.9193382600e+00 1.8219575661e-01 2.5085933247e+00
2.9229920000e+00 1.8112110964e-01 2.5110073190e+00
2.9266457400e+00 1.8004811818e-01 2.5134059296e+00
2.9302994800e+00 1.7897678386e-01 2.5157891538e+00
2.9339532200e+00 1.7790710829e-01 2.5181569893e+00
2.9376069600e+00 1.7683909308e-01 2.5205094340e+00
2.9412607000e+00 1.7577273977e-01 2.5228464867e+00
2.9449144400e+00 1.7470804993e-01 2.5251681460e+00
2.9485681800e+00 1.7364502504e-01 2.5274744116e+00
2.9522219200e+00 1.7258366659e-01 2.5297652834e+00
2.9558756600e+00 1.7152397605e-01 2.5320407617e+00
2.9595294000e+00 1.7046595485e-01 2.5343008471e+00
2.9631831400e+00 1.6940960438e-01 2.5365455413e+00
2.9668368800e+00 1.6835492604e-01 2.5387748455e+00
2.9704906200e+00 1.6730192117e-01 2.5409887622e+00
2.9741443600e+00 1.6625059111e-01 2.5431872939e+00
2.9777981000e+00 1.6520093715e-01 2.5453704436e+00
2.9814518400e+00 1.6415296056e-01 2.5475382151e+00
2.9851055800e+00 1.6310666261e-01 2.5496906121e+00
2.9887593200e+00 1.6206204450e-01 2.5518276392e+00
2.9924130600e+00 1.6101910744e-01 2.5539493015e+00
2.9960668000e+00 1.5997785260e-01 2.5560556039e+00
2.9997205400e+00 1.5893828112e-01 2.5581465528e+00
3.0033742800e+00 1.5790039414e-01 2.5602221540e+00
3.0070280200e+00 1.5686419273e-01 2.5622824146e+00
3.0106817600e+00 1.5582967796e-01 2.5643273417e+00
3.0143355000e+00 1.5479685089e-01 2.5663569430e+00
3.0179892400e+00 1.5376571253e-01 2.5683712266e+00
3.0216429800e+00 1.5273626385e-01 2.5703702014e+00
3.0252967200e+00 1.5170850585e-01 2.5723538761e+00
3.0289504600e+00 1.5068243944e-01 2.5743222606e+00
3.0326042000e+00 1.4965806557e-01 2.5762753647e+00
3.0362579400e+00 1.4863538511e-01 2.5782131990e+00
3.0399116800e+00 1.4761439890e-01 2.5801357745e+00
3.0435654200e+00 1.4659510783e-01 2.5820431024e+00
3.0472191600e+00 1.4557751268e-01 2.5839351949e+00
3.0508729000e+00 1.4456161423e-01 2.5858120643e+00
3.0545266400e+00 1.4354741327e-01 2.5876737234e+00
3.0581803800e+00 1.4253491052e-01 2.5895201856e+00
3.0618341200e+00 1.4152410672e-01 2.5913514646e+00
3.0654878600e+00 1.4051500253e-01 2.5931675747e+00
3.0691416000e+00 1.3950759861e-01 2.5949685308e+00
3.0727953400e+00 1.3850189562e-01 2.5967543480e+00
3.0764490800e+00 1.3749789416e-01 2.5985250420e+00
3.0801028200e+00 1.3649559481e-01 2.6002806292e+00
3.0837565600e+00 1.3549499816e-01 2.6020211259e+00
3.0874103000e+00 1.3449610472e-01 2.6037465497e+00
3.0910640400e+00 1.3349891503e-01 2.6054569179e+00
3.0947177800e+00 1.3250342957e-01 2.6071522487e+00
3.0983715200e+00 1.3150964878e-01 2.6088325609e+00
3.1020252600e+00 1.3051757314e-01 2.6104978734e+00
3.1056790000e+00 1.2952720304e-01 2.6121482058e+00
3.1093327400e+00 1.2853853886e-01 2.6137835783e+00
3.1129864800e+00 1.2755158100e-01 2.6154040113e+00
3.1166402200e+00 1.2656632977e-01 2.6170095261e+00
3.1202939600e+00 1.2558278551e-01 2.6186001439e+00
3.1239477000e+00 1.2460094850e-01 2.6201758870e+00
3.1276014400e+00 1.2362081900e-01 2.6217367779e+00
3.1312551800e+00 1.2264239729e-01 2.6232828396e+00
3.1349089200e+00 1.2166568355e-01 2.6248140956e+00
3.1385626600e+00 1.2069067798e-01 2.6263305701e+00
3.1422164000e+00 1.1971738078e-01 2.6278322874e+00
3.1458701400e+00 1.1874579206e-01 2.6293192728e+00
3.1495238800e+00 1.1777591198e-01 2.6307915516e+00
3.1531776200e+00 1.1680774061e-01 2.6322491499e+00
3.1568313600e+00 1.1584127803e-01 2.6336920945e+00
3.1604851000e+00 1.1487652430e-01 2.6351204121e+00
3.1641388400e+00 1.1391347945e-01 2.6365341304e+00
3.1677925800e+00 1.1295214345e-01 2.6379332778e+00
3.1714463200e+00 1.1199251632e-01 2.6393178824e+00
3.1751000600e+00 1.1103459798e-01 2.6406879738e+00
3.1787538000e+00 1.1007838840e-01 2.6420435812e+00
3.1824075400e+00 1.0912388746e-01 2.6433847351e+00
3.1860612800e+00 1.0817109503e-01 2.6447114661e+00
3.1897150200e+00 1.0722001100e-01 2.6460238052e+00
3.1933687600e+00 1.0627063520e-01 2.6473217844e+00
3.1970225000e+00 1.0532296741e-01 2.6486054359e+00
3.2006762400e+00 1.0437700746e-01 2.6498747924e+00
3.2043299800e+00 1.0343275510e-01 2.6511298874e+00
3.2079837200e+00 1.0249021005e-01 2.6523707546e+00
3.2116374600e+00 1.0154937206e-01 2.6535974285e+00
3.2152912000e+00 1.0061024079e-01 2.6548099440e+00
3.2189449400e+00 9.9672815944e-02 2.6560083366e+00
3.2225986800e+00 9.8737097152e-02 2.6571926423e+00
3.2262524200e+00 9.7803084025e-02 2.6583628978e+00
3.2299061600e+00 9.6870776188e-02 2.6595191400e+00
3.2335599000e+00 9.5940173202e-02 2.6606614068e+00
3.2372136400e+00 9.5011274613e-02 2.6617897365e+00
3.2408673800e+00 9.4084079969e-02 2.6629041677e+00
3.2445211200e+00 9.3158588752e-02 2.6640047399e+00
3.2481748600e+00 9.2234800473e-02 2.6650914930e+00
3.2518286000e+00 9.1312714575e-02 2.6661644674e+00
3.2554823400e+00 9.0392330484e-02 2.6672237045e+00
3.2591360800e+00 8.9473647635e-02 2.6682692456e+00
3.2627898200e+00 8.8556665405e-02 2.6693011330e+00
3.2664435600e+00 8.7641383151e-02 2.6703194098e+00
3.2700973000e+00 8.6727800236e-02 2.6713241191e+00
3.2737510400e+00 8.5815915957e-02 2.6723153051e+00
3.2774047800e+00 8.4905729636e-02 2.6732930122e+00
3.2810585200e+00 8.3997240530e-02 2.6742572857e+00
3.2847122600e+00 8.3090447881e-02 2.6752081716e+00
3.2883660000e+00 8.2185350938e-02 2.6761457159e+00
3.2920197400e+00 8.1281948890e-02 2.6770699659e+00
3.2956734800e+00 8.0380240910e-02 2.6779809693e+00
3.2993272200e+00 7.9480226177e-02 2.6788787741e+00
3.3029809600e+00 7.8581903799e-02 2.6797634294e+00
3.3066347000e+00 7.7685272916e-02 2.6806349846e+00
3.3102884400e+00 7.6790332598e-02 2.6814934899e+00
3.3139421800e+00 7.5897081902e-02 2.6823389962e+00
3.3175959200e+00 7.5005519892e-02 2.6831715548e+00
3.3212496600e+00 7.4115645572e-02 2.6839912179e+00
3.3249034000e+00 7.3227457930e-02 2.6847980382e+00
3.3285571400e+00 7.2340955960e-02 2.6855920692e+00
3.3322108800e+00 7.1456138584e-02 2.6863733650e+00
3.3358646200e+00 7.0573004758e-02 2.6871419803e+00
3.3395183600e+00 6.9691553367e-02 2.6878979706e+00
3.3431721000e+00 6.8811783282e-02 2.6886413922e+00
3.3468258400e+00 6.7933693383e-02 2.6893723017e+00
3.3504795800e+00 6.7057282489e-02 2.6900907569e+00
3.3541333200e+00 6.6182549402e-02 2.6907968160e+00
3.3577870600e+00 6.5309492929e-02 2.6914905380e+00
3.3614408000e+00 6.4438111811e-02 2.6921719828e+00
3.3650945400e+00 6.3568404815e-02 2.6928412105e+00
3.3687482800e+00 6.2700370642e-02 2.6934982827e+00
3.3724020200e+00 6.1834007976e-02 2.6941432613e+00
3.3760557600e+00 6.0969315513e-02 2.6947762088e+00
3.3797095000e+00 6.0106291884e-02 2.6953971891e+00
3.3833632400e+00 5.9244935707e-02 2.6960062663e+00
3.3870169800e+00 5.8385245601e-02 2.6966035056e+00
3.3906707200e+00 5.7527220121e-02 2.6971889729e+00
3.3943244600e+00 5.6670857847e-02 2.6977627349e+00
3.3979782000e+00 5.5816157293e-02 2.6983248592e+00
3.4016319400e+00 5.4963116956e-02 2.6988754143e+00
3.4052856800e+00 5.4111735344e-02 2.6994144693e+00
3.4089394200e+00 5.3262010901e-02 2.6999420944e+00
3.4125931600e+00 5.2413942055e-02 2.7004583608e+00
3.4162469000e+00 5.1567527238e-02 2.7009633403e+00
3.4199006400e+00 5.0722764815e-02 2.7014571058e+00
3.4235543800e+00 4.9879653177e-02 2.7019397308e+00
3.4272081200e+00 4.9038190648e-02 2.7024112903e+00
3.4308618600e+00 4.8198375536e-02 2.7028718600e+00
3.4345156000e+00 4.7360206155e-02 2.7033215163e+00
3.4381693400e+00 4.6523680761e-02 2.7037603370e+00
3.4418230800e+00 4.5688797589e-02 2.7041884008e+00
3.4454768200e+00 4.4855554878e-02 2.7046057873e+00
3.4491305600e+00 4.4023950801e-02 2.7050125773e+00
3.4527843000e+00 4.3193983555e-02 2.7054088526e+00
3.4564380400e+00 4.2365651270e-02 2.7057946961e+00
3.4600917800e+00 4.1538952057e-02 2.7061701919e+00
3.4637455200e+00 4.0713884038e-02 2.7065354252e+00
3.4673992600e+00 3.9890445268e-02 2.7068904823e+00
3.4710530000e+00 3.9068633787e-02 2.7072354510e+00
3.4747067400e+00 3.8248447636e-02 2.7075704198e+00
3.4783604800e+00 3.7429884787e-02 2.7078954791e+00
3.4820142200e+00 3.6612943239e-02 2.7082107200e+00
3.4856679600e+00 3.5797620918e-02 2.7085162353e+00
3.4893217000e+00 3.4983915735e-02 2.7088121191e+00
3.4929754400e+00 3.4171825607e-02 2.7090984667e+00
3.4966291800e+00 3.3361348385e-02 2.7093753752e+00
3.5002829200e+00 3.2552481903e-02 2.7096429430e+00
3.5039366600e+00 3.1745223994e-02 2.7099012698e+00
3.5075904000e+00 3.0939572422e-02 2.7101504574e+00
3.5112441400e+00 3.0135524974e-02 2.7103906085e+00
3.5148978800e+00 2.9333079367e-02 2.7106218282e+00
3.5185516200e+00 2.8532233295e-02 2.7108442231e+00
3.5222053600e+00 2.7732984463e-02 2.7110579012e+00
3.5258591000e+00 2.6935330503e-02 2.7112629730e+00
3.5295128400e+00 2.6139269029e-02 2.7114595505e+00
3.5331665800e+00 2.5344797656e-02 2.7116477477e+00
3.5368203200e+00 2.4551913922e-02 2.7118276811e+00
3.5404740600e+00 2.3760615389e-02 2.7119994688e+00
3.5441278000e+00 2.2970899545e-02 2.7121632316e+00
3.5477815400e+00 2.2182763857e-02 2.7123190926e+00
3.5514352800e+00 2.1396205791e-02 2.7124671771e+00
3.5550890200e+00 2.0611222746e-02 2.7126076133e+00
3.5587427600e+00 1.9827812097e-02 2.7127405320e+00
3.5623965000e+00 1.9045971213e-02 2.7128660669e+00
3.5660502400e+00 1.8265697389e-02 2.7129843548e+00
3.5697039800e+00 1.7486987934e-02 2.7130955355e+00
3.5733577200e+00 1.6709840085e-02 2.7131997522e+00
3.5770114600e+00 1.5934251047e-02 2.7132971520e+00
3.5806652000e+00 1.5160218024e-02 2.7133878854e+00
3.5843189400e+00 1.4387738148e-02 2.7134721074e+00
3.5879726800e+00 1.3616808518e-02 2.7135499770e+00
3.5916264200e+00 1.2847426226e-02 2.7136216583e+00
3.5952801600e+00 1.2079588279e-02 2.7136873203e+00
3.5989339000e+00 1.1313291696e-02 2.7137471375e+00
3.6025876400e+00 1.0548533410e-02 2.7138012905e+00
3.6062413800e+00 9.7853103188e-03 2.7138499668e+00
3.6098951200e+00 9.0236193107e-03 2.7138933609e+00
3.6135488600e+00 8.2634571881e-03 2.7139316757e+00
3.6172026000e+00 7.5048207117e-03 2.7139651233e+00
3.6208563400e+00 6.7477066212e-03 2.7139939263e+00
3.6245100800e+00 5.9921115583e-03 2.7140183195e+00
3.6281638200e+00 5.2380321592e-03 2.7140385515e+00
3.6318175600e+00 4.4854649576e-03 2.7140548883e+00
3.6354713000e+00 3.7344064285e-03 2.7140676160e+00
3.6391250400e+00 2.9848530099e-03 2.7140770470e+00
3.6427787800e+00 2.2368010238e-03 2.7140835279e+00
3.6464325200e+00 1.4902467093e-03 2.7140874542e+00
3.6500862600e+00 7.4518623022e-04 2.7140892986e+00