00001000
0.0000000000e+00 1.0000000000e+00 -1.0000000000e-45
3.6574053519e-03 9.9999779480e-01 1.6240926076e-08
7.3148107039e-03 9.9999113090e-01 1.3019417467e-07
1.0972216056e-02 9.9998000825e-01 4.3970211254e-07
1.4629621408e-02 9.9996442695e-01 1.0426023072e-06
1.8287026760e-02 9.9994438723e-01 2.0367131597e-06
2.1944432112e-02 9.9991988932e-01 3.5198434574e-06
2.5601837464e-02 9.9989093351e-01 5.5897806666e-06
2.9259242816e-02 9.9985752011e-01 8.3442950104e-06
3.2916648168e-02 9.9981964959e-01 1.1881112866e-05
3.6574053519e-02 9.9977732237e-01 1.6297943502e-05
4.0231458871e-02 9.9973053897e-01 2.1692456706e-05
4.3888864223e-02 9.9967929991e-01 2.8162292815e-05
4.7546269575e-02 9.9962360587e-01 3.5805023009e-05
5.1203674927e-02 9.9956345750e-01 4.4718194539e-05
5.4861080279e-02 9.9949885551e-01 5.4999296828e-05
5.8518485631e-02 9.9942980065e-01 6.6745777881e-05
6.2175890983e-02 9.9935629382e-01 8.0054990620e-05
6.5833296335e-02 9.9927833586e-01 9.5024257907e-05
6.9490701687e-02 9.9919592773e-01 1.1175082624e-04
7.3148107039e-02 9.9910907036e-01 1.3033188900e-04
7.6805512391e-02 9.9901776489e-01 1.5086451795e-04
8.0462917743e-02 9.9892201236e-01 1.7344574936e-04
8.4120323095e-02 9.9882181394e-01 1.9817252444e-04
8.7777728447e-02 9.9871717079e-01 2.2514171981e-04
9.1435133799e-02 9.9860808424e-01 2.5445006341e-04
9.5092539151e-02 9.9849455556e-01 2.8619424291e-04
9.8749944503e-02 9.9837658610e-01 3.2047085186e-04
1.0240734985e-01 9.9825417733e-01 3.5737632897e-04
1.0606475521e-01 9.9812733070e-01 3.9700705521e-04
1.0972216056e-01 9.9799604772e-01 4.3945928816e-04
1.1337956591e-01 9.9786032995e-01 4.8482919580e-04
1.1703697126e-01 9.9772017907e-01 5.3321276541e-04
1.2069437661e-01 9.9757559674e-01 5.8470592081e-04
1.2435178197e-01 9.9742658471e-01 6.3940444408e-04
1.2800918732e-01 9.9727314472e-01 6.9740401631e-04
1.3166659267e-01 9.9711527868e-01 7.5880011145e-04
1.3532399802e-01 9.9695298847e-01 8.2368813501e-04
1.3898140337e-01 9.9678627602e-01 8.9216333232e-04
1.4263880873e-01 9.9661514331e-01 9.6432083655e-04
1.4629621408e-01 9.9643959245e-01 1.0402555469e-03
1.4995361943e-01 9.9625962553e-01 1.1200622897e-03
1.5361102478e-01 9.9607524470e-01 1.2038357128e-03
1.5726843013e-01 9.9588645214e-01 1.2916703407e-03
1.6092583549e-01 9.9569325019e-01 1.3836604369e-03
1.6458324084e-01 9.9549564113e-01 1.4799001883e-03
1.6824064619e-01 9.9529362733e-01 1.5804835846e-03
1.7189805154e-01 9.9508721118e-01 1.6855044817e-03
1.7555545689e-01 9.9487639522e-01 1.7950564468e-03
1.7921286225e-01 9.9466118195e-01 1.9092329674e-03
1.8287026760e-01 9.9444157395e-01 2.0281273151e-03
1.8652767295e-01 9.9421757381e-01 2.1518326179e-03
1.9018507830e-01 9.9398918429e-01 2.2804416861e-03
1.9384248365e-01 9.9375640810e-01 2.4140472489e-03
1.9749988901e-01 9.9351924799e-01 2.5527418395e-03
2.0115729436e-01 9.9327770686e-01 2.6966176811e-03
2.0481469971e-01 9.9303178757e-01 2.8457668856e-03
2.0847210506e-01 9.9278149308e-01 3.0002813255e-03
2.1212951041e-01 9.9252682634e-01 3.1602527023e-03
2.1578691576e-01 9.9226779047e-01 3.3257723802e-03
2.1944432112e-01 9.9200438853e-01 3.4969316093e-03
2.2310172647e-01 9.9173662369e-01 3.6738213822e-03
2.2675913182e-01 9.9146449910e-01 3.8565325104e-03
2.3041653717e-01 9.9118801809e-01 4.0451554410e-03
2.3407394252e-01 9.9090718393e-01 4.2397805046e-03
2.3773134788e-01 9.9062199998e-01 4.4404977561e-03
2.4138875323e-01 9.9033246962e-01 4.6473970596e-03
2.4504615858e-01 9.9003859637e-01 4.8605678874e-03
2.4870356393e-01 9.8974038371e-01 5.0800995935e-03
2.5236096928e-01 9.8943783520e-01 5.3060812382e-03
2.5601837464e-01 9.8913095442e-01 5.5386016816e-03
2.5967577999e-01 9.8881974510e-01 5.7777493642e-03
2.6333318534e-01 9.8850421093e-01 6.0236126071e-03
2.6699059069e-01 9.8818435566e-01 6.2762794196e-03
2.7064799604e-01 9.8786018309e-01 6.5358376021e-03
2.7430540140e-01 9.8753169714e-01 6.8023745067e-03
2.7796280675e-01 9.8719890170e-01 7.0759773664e-03
2.8162021210e-01 9.8686180074e-01 7.3567330841e-03
2.8527761745e-01 9.8652039823e-01 7.6447283451e-03
2.8893502280e-01 9.8617469832e-01 7.9400493579e-03
2.9259242816e-01 9.8582470510e-01 8.2427822126e-03
2.9624983351e-01 9.8547042269e-01 8.5530127084e-03
2.9990723886e-01 9.8511185537e-01 8.8708261886e-03
3.0356464421e-01 9.8474900738e-01 9.1963078365e-03
3.0722204956e-01 9.8438188305e-01 9.5295424875e-03
3.1087945492e-01 9.8401048671e-01 9.8706147308e-03
3.1453686027e-01 9.8363482283e-01 1.0219608672e-02
3.1819426562e-01 9.8325489585e-01 1.0576608258e-02
3.2185167097e-01 9.8287071029e-01 1.0941697069e-02
3.2550907632e-01 9.8248227068e-01 1.1314958432e-02
3.2916648168e-01 9.8208958169e-01 1.1696475161e-02
3.3282388703e-01 9.8169264796e-01 1.2086329914e-02
3.3648129238e-01 9.8129147420e-01 1.2484604965e-02
3.4013869773e-01 9.8088606514e-01 1.2891382324e-02
3.4379610308e-01 9.8047642565e-01 1.3306743466e-02
3.4745350844e-01 9.8006256056e-01 1.3730769706e-02
3.5111091379e-01 9.7964447478e-01 1.4163541959e-02
3.5476831914e-01 9.7922217322e-01 1.4605140872e-02
3.5842572449e-01 9.7879566096e-01 1.5055646524e-02
3.6208312984e-01 9.7836494301e-01 1.5515138840e-02
3.6574053519e-01 9.7793002448e-01 1.5983697327e-02
3.6939794055e-01 9.7749091048e-01 1.6461401216e-02
3.7305534590e-01 9.7704760626e-01 1.6948329143e-02
3.7671275125e-01 9.7660011705e-01 1.7444559592e-02
3.8037015660e-01 9.7614844813e-01 1.7950170612e-02
3.8402756195e-01 9.7569260481e-01 1.8465239970e-02
3.8768496731e-01 9.7523259253e-01 1.8989844810e-02
3.9134237266e-01 9.7476841670e-01 1.9524062126e-02
3.9499977801e-01 9.7430008278e-01 2.0067968538e-02
3.9865718336e-01 9.7382759633e-01 2.0621640075e-02
4.0231458871e-01 9.7335096292e-01 2.1185152565e-02
4.0597199407e-01 9.7287018817e-01 2.1758581393e-02
4.0962939942e-01 9.7238527770e-01 2.2342001628e-02
4.1328680477e-01 9.7189623729e-01 2.2935487727e-02
4.1694421012e-01 9.7140307268e-01 2.3539113948e-02
4.2060161547e-01 9.7090578967e-01 2.4152954085e-02
4.2425902083e-01 9.7040439409e-01 2.4777081617e-02
4.2791642618e-01 9.6989889189e-01 2.5411569379e-02
4.3157383153e-01 9.6938928899e-01 2.6056490011e-02
4.3523123688e-01 9.6887559138e-01 2.6711915678e-02
4.3888864223e-01 9.6835780507e-01 2.7377918218e-02
4.4254604759e-01 9.6783593620e-01 2.8054568803e-02
4.4620345294e-01 9.6730999086e-01 2.8741938412e-02
4.4986085829e-01 9.6677997524e-01 2.9440097532e-02
4.5351826364e-01 9.6624589552e-01 3.0149116322e-02
4.5717566899e-01 9.6570775802e-01 3.0869064244e-02
4.6083307435e-01 9.6516556901e-01 3.1600010574e-02
4.6449047970e-01 9.6461933487e-01 3.2342024080e-02
4.6814788505e-01 9.6406906194e-01 3.3095173197e-02
4.7180529040e-01 9.6351475673e-01 3.3859525637e-02
4.7546269575e-01 9.6295642570e-01 3.4635148930e-02
4.7912010111e-01 9.6239407538e-01 3.5422110086e-02
4.8277750646e-01 9.6182771231e-01 3.6220475772e-02
4.8643491181e-01 9.6125734318e-01 3.7030311910e-02
4.9009231716e-01 9.6068297461e-01 3.7851684245e-02
4.9374972251e-01 9.6010461328e-01 3.8684658075e-02
4.9740712786e-01 9.5952226599e-01 3.9529297994e-02
5.0106453322e-01 9.5893593952e-01 4.0385668363e-02
5.0472193857e-01 9.5834564069e-01 4.1253833011e-02
5.0837934392e-01 9.5775137636e-01 4.2133855404e-02
5.1203674927e-01 9.5715315351e-01 4.3025798276e-02
5.1569415462e-01 9.5655097907e-01 4.3929724133e-02
5.1935155998e-01 9.5594486004e-01 4.4845694940e-02
5.2300896533e-01 9.5533480346e-01 4.5773772287e-02
5.2666637068e-01 9.5472081646e-01 4.6714017016e-02
5.3032377603e-01 9.5410290616e-01 4.7666489741e-02
5.3398118138e-01 9.5348107973e-01 4.8631250522e-02
5.3763858674e-01 9.5285534436e-01 4.9608359044e-02
5.4129599209e-01 9.5222570736e-01 5.0597874214e-02
5.4495339744e-01 9.5159217601e-01 5.1599854722e-02
5.4861080279e-01 9.5095475765e-01 5.2614358689e-02
5.5226820814e-01 9.5031345963e-01 5.3641443856e-02
5.5592561350e-01 9.4966828944e-01 5.4681167165e-02
5.5958301885e-01 9.4901925452e-01 5.5733585345e-02
5.6324042420e-01 9.4836636236e-01 5.6798754546e-02
5.6689782955e-01 9.4770962049e-01 5.7876730532e-02
5.7055523490e-01 9.4704903656e-01 5.8967568245e-02
5.7421264026e-01 9.4638461815e-01 6.0071322422e-02
5.7787004561e-01 9.4571637295e-01 6.1188047207e-02
5.8152745096e-01 9.4504430862e-01 6.2317796359e-02
5.8518485631e-01 9.4436843298e-01 6.3460622785e-02
5.8884226166e-01 9.4368875378e-01 6.4616579201e-02
5.9249966702e-01 9.4300527881e-01 6.5785717816e-02
5.9615707237e-01 9.4231801601e-01 6.6968090043e-02
5.9981447772e-01 9.4162697324e-01 6.8163747036e-02
6.0347188307e-01 9.4093215846e-01 6.9372739355e-02
6.0712928842e-01 9.4023357962e-01 7.0595117147e-02
6.1078669378e-01 9.3953124478e-01 7.1830929745e-02
6.1444409913e-01 9.3882516199e-01 7.3080226225e-02
6.1810150448e-01 9.3811533935e-01 7.4343055061e-02
6.2175890983e-01 9.3740178495e-01 7.5619464314e-02
6.2541631518e-01 9.3668450704e-01 7.6909501202e-02
6.2907372054e-01 9.3596351379e-01 7.8213212702e-02
6.3273112589e-01 9.3523881345e-01 7.9530645174e-02
6.3638853124e-01 9.3451041429e-01 8.0861844562e-02
6.4004593659e-01 9.3377832467e-01 8.2206855950e-02
6.4370334194e-01 9.3304255295e-01 8.3565724185e-02
6.4736074729e-01 9.3230310751e-01 8.4938493488e-02
6.5101815265e-01 9.3155999675e-01 8.6325207664e-02
6.5467555800e-01 9.3081322922e-01 8.7725909635e-02
6.5833296335e-01 9.3006281338e-01 8.9140642095e-02
6.6199036870e-01 9.2930875778e-01 9.0569447103e-02
6.6564777405e-01 9.2855107097e-01 9.2012366300e-02
6.6930517941e-01 9.2778976163e-01 9.3469440422e-02
6.7296258476e-01 9.2702483838e-01 9.4940709990e-02
6.7661999011e-01 9.2625630987e-01 9.6426214984e-02
6.8027739546e-01 9.2548418488e-01 9.7925994537e-02
6.8393480081e-01 9.2470847215e-01 9.9440087502e-02
6.8759220617e-01 9.2392918046e-01 1.0096853209e-01
6.9124961152e-01 9.2314631862e-01 1.0251136609e-01
6.9490701687e-01 9.2235989554e-01 1.0406862641e-01
6.9856442222e-01 9.2156992009e-01 1.0564034969e-01
7.0222182757e-01 9.2077640120e-01 1.0722657192e-01
7.0587923293e-01 9.1997934780e-01 1.0882732867e-01
7.0953663828e-01 9.1917876895e-01 1.1044265460e-01
7.1319404363e-01 9.1837467366e-01 1.1207258413e-01
7.1685144898e-01 9.1756707098e-01 1.1371715101e-01
7.2050885433e-01 9.1675597000e-01 1.1537638856e-01
7.2416625969e-01 9.1594137988e-01 1.1705032919e-01
7.2782366504e-01 9.1512330978e-01 1.1873900508e-01
7.3148107039e-01 9.1430176889e-01 1.2044244771e-01
7.3513847574e-01 9.1347676641e-01 1.2216068816e-01
7.3879588109e-01 9.1264831165e-01 1.2389375657e-01
7.4245328645e-01 9.1181641389e-01 1.2564168283e-01
7.4611069180e-01 9.1098108245e-01 1.2740449617e-01
7.4976809715e-01 9.1014232666e-01 1.2918222539e-01
7.5342550250e-01 9.0930015596e-01 1.3097489835e-01
7.5708290785e-01 9.0845457975e-01 1.3278254266e-01
7.6074031321e-01 9.0760560749e-01 1.3460518528e-01
7.6439771856e-01 9.0675324861e-01 1.3644285270e-01
7.6805512391e-01 9.0589751270e-01 1.3829557050e-01
7.7171252926e-01 9.0503840927e-01 1.4016336399e-01
7.7536993461e-01 9.0417594787e-01 1.4204625794e-01
7.7902733996e-01 9.0331013816e-01 1.4394427624e-01
7.8268474532e-01 9.0244098973e-01 1.4585744245e-01
7.8634215067e-01 9.0156851228e-01 1.4778577950e-01
7.8999955602e-01 9.0069271545e-01 1.4972930986e-01
7.9365696137e-01 8.9981360902e-01 1.5168805507e-01
7.9731436672e-01 8.9893120272e-01 1.5366203642e-01
8.0097177208e-01 8.9804550634e-01 1.5565127450e-01
8.0462917743e-01 8.9715652966e-01 1.5765578947e-01
8.0828658278e-01 8.9626428256e-01 1.5967560056e-01
8.1194398813e-01 8.9536877490e-01 1.6171072673e-01
8.1560139348e-01 8.9447001657e-01 1.6376118625e-01
8.1925879884e-01 8.9356801747e-01 1.6582699697e-01
8.2291620419e-01 8.9266278760e-01 1.6790817578e-01
8.2657360954e-01 8.9175433691e-01 1.7000473930e-01
8.3023101489e-01 8.9084267542e-01 1.7211670351e-01
8.3388842024e-01 8.8992781313e-01 1.7424408391e-01
8.3754582560e-01 8.8900976016e-01 1.7638689505e-01
8.4120323095e-01 8.8808852656e-01 1.7854515124e-01
8.4486063630e-01 8.8716412247e-01 1.8071886610e-01
8.4851804165e-01 8.8623655798e-01 1.8290805282e-01
8.5217544700e-01 8.8530584332e-01 1.8511272360e-01
8.5583285236e-01 8.8437198866e-01 1.8733289043e-01
8.5949025771e-01 8.8343500422e-01 1.8956856459e-01
8.6314766306e-01 8.8249490022e-01 1.9181975692e-01
8.6680506841e-01 8.8155168698e-01 1.9408647731e-01
8.7046247376e-01 8.8060537477e-01 1.9636873538e-01
8.7411987912e-01 8.7965597390e-01 1.9866654021e-01
8.7777728447e-01 8.7870349474e-01 2.0097989996e-01
8.8143468982e-01 8.7774794766e-01 2.0330882250e-01
8.8509209517e-01 8.7678934305e-01 2.0565331504e-01
8.8874950052e-01 8.7582769129e-01 2.0801338429e-01
8.9240690588e-01 8.7486300289e-01 2.1038903609e-01
8.9606431123e-01 8.7389528829e-01 2.1278027596e-01
8.9972171658e-01 8.7292455798e-01 2.1518710877e-01
9.0337912193e-01 8.7195082244e-01 2.1760953892e-01
9.0703652728e-01 8.7097409227e-01 2.2004756988e-01
9.1069393264e-01 8.6999437800e-01 2.2250120487e-01
9.1435133799e-01 8.6901169022e-01 2.2497044641e-01
9.1800874334e-01 8.6802603951e-01 2.2745529657e-01
9.2166614869e-01 8.6703743654e-01 2.2995575648e-01
9.2532355404e-01 8.6604589193e-01 2.3247182703e-01
9.2898095939e-01 8.6505141638e-01 2.3500350842e-01
9.3263836475e-01 8.6405402053e-01 2.3755080039e-01
9.3629577010e-01 8.6305371517e-01 2.4011370175e-01
9.3995317545e-01 8.6205051099e-01 2.4269221105e-01
9.4361058080e-01 8.6104441877e-01 2.4528632616e-01
9.4726798615e-01 8.6003544925e-01 2.4789604452e-01
9.5092539151e-01 8.5902361328e-01 2.5052136260e-01
9.5458279686e-01 8.5800892166e-01 2.5316227664e-01
9.5824020221e-01 8.5699138524e-01 2.5581878220e-01
9.6189760756e-01 8.5597101484e-01 2.5849087440e-01
9.6555501291e-01 8.5494782140e-01 2.6117854738e-01
9.6921241827e-01 8.5392181579e-01 2.6388179510e-01
9.7286982362e-01 8.5289300892e-01 2.6660061091e-01
9.7652722897e-01 8.5186141176e-01 2.6933498728e-01
9.8018463432e-01 8.5082703525e-01 2.7208491639e-01
9.8384203967e-01 8.4978989038e-01 2.7485038978e-01
9.8749944503e-01 8.4874998810e-01 2.7763139852e-01
9.9115685038e-01 8.4770733949e-01 2.8042793277e-01
9.9481425573e-01 8.4666195555e-01 2.8323998243e-01
9.9847166108e-01 8.4561384733e-01 2.8606753673e-01
1.0021290664e+00 8.4456302589e-01 2.8891058447e-01
1.0057864718e+00 8.4350950234e-01 2.9176911351e-01
1.0094438771e+00 8.4245328777e-01 2.9464311149e-01
1.0131012825e+00 8.4139439331e-01 2.9753256535e-01
1.0167586878e+00 8.4033283007e-01 3.0043746162e-01
1.0204160932e+00 8.3926860924e-01 3.0335778589e-01
1.0240734985e+00 8.3820174197e-01 3.0629352353e-01
1.0277309039e+00 8.3713223946e-01 3.0924465922e-01
1.0313883092e+00 8.3606011288e-01 3.1221117723e-01
1.0350457146e+00 8.3498537350e-01 3.1519306090e-01
1.0387031200e+00 8.3390803253e-01 3.1819029333e-01
1.0423605253e+00 8.3282810122e-01 3.2120285698e-01
1.0460179307e+00 8.3174559082e-01 3.2423073386e-01
1.0496753360e+00 8.3066051264e-01 3.2727390506e-01
1.0533327414e+00 8.2957287797e-01 3.3033235146e-01
1.0569901467e+00 8.2848269811e-01 3.3340605328e-01
1.0606475521e+00 8.2738998437e-01 3.3649499032e-01
1.0643049574e+00 8.2629474813e-01 3.3959914143e-01
1.0679623628e+00 8.2519700072e-01 3.4271848528e-01
1.0716197681e+00 8.2409675350e-01 3.4585299999e-01
1.0752771735e+00 8.2299401786e-01 3.4900266281e-01
1.0789345788e+00 8.2188880521e-01 3.5216745072e-01
1.0825919842e+00 8.2078112693e-01 3.5534734009e-01
1.0862493895e+00 8.1967099444e-01 3.5854230685e-01
1.0899067949e+00 8.1855841919e-01 3.6175232604e-01
1.0935642002e+00 8.1744341263e-01 3.6497737248e-01
1.0972216056e+00 8.1632598621e-01 3.6821742035e-01
1.1008790109e+00 8.1520615137e-01 3.7147244340e-01
1.1045364163e+00 8.1408391965e-01 3.7474241452e-01
1.1081938216e+00 8.1295930250e-01 3.7802730635e-01
1.1118512270e+00 8.1183231145e-01 3.8132709093e-01
1.1155086323e+00 8.1070295799e-01 3.8464173985e-01
1.1191660377e+00 8.0957125368e-01 3.8797122386e-01
1.1228234430e+00 8.0843721004e-01 3.9131551346e-01
1.1264808484e+00 8.0730083862e-01 3.9467457854e-01
1.1301382538e+00 8.0616215097e-01 3.9804838860e-01
1.1337956591e+00 8.0502115868e-01 4.0143691222e-01
1.1374530645e+00 8.0387787333e-01 4.0484011782e-01
1.1411104698e+00 8.0273230650e-01 4.0825797317e-01
1.1447678752e+00 8.0158446978e-01 4.1169044566e-01
1.1484252805e+00 8.0043437481e-01 4.1513750179e-01
1.1520826859e+00 7.9928203318e-01 4.1859910788e-01
1.1557400912e+00 7.9812745654e-01 4.2207522961e-01
1.1593974966e+00 7.9697065649e-01 4.2556583231e-01
1.1630549019e+00 7.9581164471e-01 4.2907088038e-01
1.1667123073e+00 7.9465043285e-01 4.3259033810e-01
1.1703697126e+00 7.9348703255e-01 4.3612416920e-01
1.1740271180e+00 7.9232145551e-01 4.3967233662e-01
1.1776845233e+00 7.9115371338e-01 4.4323480306e-01
1.1813419287e+00 7.8998381787e-01 4.4681153064e-01
1.1849993340e+00 7.8881178064e-01 4.5040248106e-01
1.1886567394e+00 7.8763761342e-01 4.5400761525e-01
1.1923141447e+00 7.8646132790e-01 4.5762689389e-01
1.1959715501e+00 7.8528293581e-01 4.6126027709e-01
1.1996289554e+00 7.8410244883e-01 4.6490772456e-01
1.2032863608e+00 7.8291987873e-01 4.6856919521e-01
1.2069437661e+00 7.8173523724e-01 4.7224464776e-01
1.2106011715e+00 7.8054853607e-01 4.7593404032e-01
1.2142585768e+00 7.7935978697e-01 4.7963733065e-01
1.2179159822e+00 7.7816900171e-01 4.8335447569e-01
1.2215733876e+00 7.7697619204e-01 4.8708543220e-01
1.2252307929e+00 7.7578136971e-01 4.9083015635e-01
1.2288881983e+00 7.7458454648e-01 4.9458860395e-01
1.2325456036e+00 7.7338573413e-01 4.9836073002e-01
1.2362030090e+00 7.7218494444e-01 5.0214648939e-01
1.2398604143e+00 7.7098218919e-01 5.0594583632e-01
1.2435178197e+00 7.6977748013e-01 5.0975872471e-01
1.2471752250e+00 7.6857082909e-01 5.1358510767e-01
1.2508326304e+00 7.6736224784e-01 5.1742493815e-01
1.2544900357e+00 7.6615174817e-01 5.2127816852e-01
1.2581474411e+00 7.6493934188e-01 5.2514475083e-01
1.2618048464e+00 7.6372504078e-01 5.2902463629e-01
1.2654622518e+00 7.6250885667e-01 5.3291777601e-01
1.2691196571e+00 7.6129080134e-01 5.3682412062e-01
1.2727770625e+00 7.6007088662e-01 5.4074362000e-01
1.2764344678e+00 7.5884912432e-01 5.4467622386e-01
1.2800918732e+00 7.5762552624e-01 5.4862188137e-01
1.2837492785e+00 7.5640010419e-01 5.5258054135e-01
1.2874066839e+00 7.5517287001e-01 5.5655215189e-01
1.2910640892e+00 7.5394383551e-01 5.6053666088e-01
1.2947214946e+00 7.5271301250e-01 5.6453401571e-01
1.2983788999e+00 7.5148041280e-01 5.6854416343e-01
1.3020363053e+00 7.5024604825e-01 5.7256705035e-01
1.3056937106e+00 7.4900993066e-01 5.7660262261e-01
1.3093511160e+00 7.4777207185e-01 5.8065082585e-01
1.3130085213e+00 7.4653248364e-01 5.8471160537e-01
1.3166659267e+00 7.4529117787e-01 5.8878490574e-01
1.3203233321e+00 7.4404816636e-01 5.9287067141e-01
1.3239807374e+00 7.4280346092e-01 5.9696884627e-01
1.3276381428e+00 7.4155707337e-01 6.0107937394e-01
1.3312955481e+00 7.4030901556e-01 6.0520219729e-01
1.3349529535e+00 7.3905929930e-01 6.0933725907e-01
1.3386103588e+00 7.3780793640e-01 6.1348450152e-01
1.3422677642e+00 7.3655493867e-01 6.1764386658e-01
1.3459251695e+00 7.3530031796e-01 6.2181529547e-01
1.3495825749e+00 7.3404408607e-01 6.2599872929e-01
1.3532399802e+00 7.3278625480e-01 6.3019410873e-01
1.3568973856e+00 7.3152683599e-01 6.3440137384e-01
1.3605547909e+00 7.3026584144e-01 6.3862046450e-01
1.3642121963e+00 7.2900328295e-01 6.4285132010e-01
1.3678696016e+00 7.2773917233e-01 6.4709387974e-01
1.3715270070e+00 7.2647352138e-01 6.5134808189e-01
1.3751844123e+00 7.2520634192e-01 6.5561386484e-01
1.3788418177e+00 7.2393764573e-01 6.5989116642e-01
1.3824992230e+00 7.2266744459e-01 6.6417992419e-01
1.3861566284e+00 7.2139575032e-01 6.6848007506e-01
1.3898140337e+00 7.2012257470e-01 6.7279155577e-01
1.3934714391e+00 7.1884792950e-01 6.7711430266e-01
1.3971288444e+00 7.1757182649e-01 6.8144825175e-01
1.4007862498e+00 7.1629427748e-01 6.8579333844e-01
1.4044436551e+00 7.1501529421e-01 6.9014949801e-01
1.4081010605e+00 7.1373488847e-01 6.9451666528e-01
1.4117584659e+00 7.1245307199e-01 6.9889477481e-01
1.4154158712e+00 7.1116985655e-01 7.0328376056e-01
1.4190732766e+00 7.0988525389e-01 7.0768355632e-01
1.4227306819e+00 7.0859927577e-01 7.1209409551e-01
1.4263880873e+00 7.0731193391e-01 7.1651531124e-01
1.4300454926e+00 7.0602324006e-01 7.2094713603e-01
1.4337028980e+00 7.0473320595e-01 7.2538950230e-01
1.4373603033e+00 7.0344184329e-01 7.2984234204e-01
1.4410177087e+00 7.0214916379e-01 7.3430558700e-01
1.4446751140e+00 7.0085517919e-01 7.3877916831e-01
1.4483325194e+00 6.9955990118e-01 7.4326301703e-01
1.4519899247e+00 6.9826334144e-01 7.4775706387e-01
1.4556473301e+00 6.9696551168e-01 7.5226123900e-01
1.4593047354e+00 6.9566642358e-01 7.5677547246e-01
1.4629621408e+00 6.9436608881e-01 7.6129969391e-01
1.4666195461e+00 6.9306451903e-01 7.6583383274e-01
1.4702769515e+00 6.9176172592e-01 7.7037781784e-01
1.4739343568e+00 6.9045772112e-01 7.7493157795e-01
1.4775917622e+00 6.8915251629e-01 7.7949504145e-01
1.4812491675e+00 6.8784612304e-01 7.8406813648e-01
1.4849065729e+00 6.8653855302e-01 7.8865079066e-01
1.4885639782e+00 6.8522981784e-01 7.9324293150e-01
1.4922213836e+00 6.8391992912e-01 7.9784448614e-01
1.4958787889e+00 6.8260889845e-01 8.0245538151e-01
1.4995361943e+00 6.8129673744e-01 8.0707554401e-01
1.5031935997e+00 6.7998345766e-01 8.1170489996e-01
1.5068510050e+00 6.7866907069e-01 8.1634337531e-01
1.5105084104e+00 6.7735358809e-01 8.2099089582e-01
1.5141658157e+00 6.7603702143e-01 8.2564738672e-01
1.5178232211e+00 6.7471938224e-01 8.3031277319e-01
1.5214806264e+00 6.7340068207e-01 8.3498698004e-01
1.5251380318e+00 6.7208093243e-01 8.3966993189e-01
1.5287954371e+00 6.7076014485e-01 8.4436155286e-01
1.5324528425e+00 6.6943833082e-01 8.4906176703e-01
1.5361102478e+00 6.6811550185e-01 8.5377049810e-01
1.5397676532e+00 6.6679166941e-01 8.5848766963e-01
1.5434250585e+00 6.6546684499e-01 8.6321320467e-01
1.5470824639e+00 6.6414104003e-01 8.6794702622e-01
1.5507398692e+00 6.6281426599e-01 8.7268905701e-01
1.5543972746e+00 6.6148653431e-01 8.7743921937e-01
1.5580546799e+00 6.6015785642e-01 8.8219743553e-01
1.5617120853e+00 6.5882824373e-01 8.8696362739e-01
1.5653694906e+00 6.5749770764e-01 8.9173771671e-01
1.5690268960e+00 6.5616625954e-01 8.9651962482e-01
1.5726843013e+00 6.5483391082e-01 9.0130927296e-01
1.5763417067e+00 6.5350067283e-01 9.0610658209e-01
1.5799991120e+00 6.5216655693e-01 9.1091147300e-01
1.5836565174e+00 6.5083157447e-01 9.1572386608e-01
1.5873139227e+00 6.4949573677e-01 9.2054368165e-01
1.5909713281e+00 6.4815905515e-01 9.2537083976e-01
1.5946287334e+00 6.4682154090e-01 9.3020526028e-01
1.5982861388e+00 6.4548320531e-01 9.3504686271e-01
1.6019435442e+00 6.4414405967e-01 9.3989556649e-01
1.6056009495e+00 6.4280411523e-01 9.4475129080e-01
1.6092583549e+00 6.4146338323e-01 9.4961395466e-01
1.6129157602e+00 6.4012187492e-01 9.5448347673e-01
1.6165731656e+00 6.3877960150e-01 9.5935977560e-01
1.6202305709e+00 6.3743657419e-01 9.6424276963e-01
1.6238879763e+00 6.3609280417e-01 9.6913237705e-01
1.6275453816e+00 6.3474830263e-01 9.7402851570e-01
1.6312027870e+00 6.3340308072e-01 9.7893110340e-01
1.6348601923e+00 6.3205714958e-01 9.8384005774e-01
1.6385175977e+00 6.3071052035e-01 9.8875529616e-01
1.6421750030e+00 6.2936320415e-01 9.9367673579e-01
1.6458324084e+00 6.2801521207e-01 9.9860429370e-01
1.6494898137e+00 6.2666655519e-01 1.0035378868e+00
1.6531472191e+00 6.2531724460e-01 1.0084774317e+00
1.6568046244e+00 6.2396729134e-01 1.0134228449e+00
1.6604620298e+00 6.2261670646e-01 1.0183740428e+00
1.6641194351e+00 6.2126550096e-01 1.0233309416e+00
1.6677768405e+00 6.1991368586e-01 1.0282934572e+00
1.6714342458e+00 6.1856127214e-01 1.0332615056e+00
1.6750916512e+00 6.1720827079e-01 1.0382350024e+00
1.6787490565e+00 6.1585469275e-01 1.0432138633e+00
1.6824064619e+00 6.1450054896e-01 1.0481980035e+00
1.6860638672e+00 6.1314585035e-01 1.0531873384e+00
1.6897212726e+00 6.1179060782e-01 1.0581817831e+00
1.6933786780e+00 6.1043483226e-01 1.0631812526e+00
1.6970360833e+00 6.0907853455e-01 1.0681856616e+00
1.7006934887e+00 6.0772172553e-01 1.0731949249e+00
1.7043508940e+00 6.0636441604e-01 1.0782089571e+00
1.7080082994e+00 6.0500661689e-01 1.0832276726e+00
1.7116657047e+00 6.0364833889e-01 1.0882509856e+00
1.7153231101e+00 6.0228959283e-01 1.0932788105e+00
1.7189805154e+00 6.0093038946e-01 1.0983110613e+00
1.7226379208e+00 5.9957073953e-01 1.1033476520e+00
1.7262953261e+00 5.9821065378e-01 1.1083884963e+00
1.7299527315e+00 5.9685014290e-01 1.1134335080e+00
1.7336101368e+00 5.9548921759e-01 1.1184826008e+00
1.7372675422e+00 5.9412788851e-01 1.1235356882e+00
1.7409249475e+00 5.9276616634e-01 1.1285926836e+00
1.7445823529e+00 5.9140406168e-01 1.1336535003e+00
1.7482397582e+00 5.9004158517e-01 1.1387180516e+00
1.7518971636e+00 5.8867874740e-01 1.1437862506e+00
1.7555545689e+00 5.8731555894e-01 1.1488580104e+00
1.7592119743e+00 5.8595203036e-01 1.1539332438e+00
1.7628693796e+00 5.8458817217e-01 1.1590118639e+00
1.7665267850e+00 5.8322399491e-01 1.1640937833e+00
1.7701841903e+00 5.8185950908e-01 1.1691789149e+00
1.7738415957e+00 5.8049472514e-01 1.1742671712e+00
1.7774990010e+00 5.7912965355e-01 1.1793584649e+00
1.7811564064e+00 5.7776430476e-01 1.1844527084e+00
1.7848138118e+00 5.7639868918e-01 1.1895498142e+00
1.7884712171e+00 5.7503281720e-01 1.1946496947e+00
1.7921286225e+00 5.7366669920e-01 1.1997522622e+00
1.7957860278e+00 5.7230034554e-01 1.2048574290e+00
1.7994434332e+00 5.7093376654e-01 1.2099651073e+00
1.8031008385e+00 5.6956697253e-01 1.2150752092e+00
1.8067582439e+00 5.6819997379e-01 1.2201876469e+00
1.8104156492e+00 5.6683278059e-01 1.2253023325e+00
1.8140730546e+00 5.6546540319e-01 1.2304191779e+00
1.8177304599e+00 5.6409785181e-01 1.2355380952e+00
1.8213878653e+00 5.6273013666e-01 1.2406589963e+00
1.8250452706e+00 5.6136226792e-01 1.2457817932e+00
1.8287026760e+00 5.5999425575e-01 1.2509063977e+00
1.8323600813e+00 5.5862611030e-01 1.2560327217e+00
1.8360174867e+00 5.5725784169e-01 1.2611606772e+00
1.8396748920e+00 5.5588946001e-01 1.2662901757e+00
1.8433322974e+00 5.5452097534e-01 1.2714211293e+00
1.8469897027e+00 5.5315239773e-01 1.2765534497e+00
1.8506471081e+00 5.5178373721e-01 1.2816870487e+00
1.8543045134e+00 5.5041500379e-01 1.2868218380e+00
1.8579619188e+00 5.4904620745e-01 1.2919577293e+00
1.8616193241e+00 5.4767735816e-01 1.2970946346e+00
1.8652767295e+00 5.4630846586e-01 1.3022324655e+00
1.8689341348e+00 5.4493954046e-01 1.3073711338e+00
1.8725915402e+00 5.4357059185e-01 1.3125105513e+00
1.8762489455e+00 5.4220162991e-01 1.3176506297e+00
1.8799063509e+00 5.4083266449e-01 1.3227912808e+00
1.8835637563e+00 5.3946370541e-01 1.3279324165e+00
1.8872211616e+00 5.3809476246e-01 1.3330739485e+00
1.8908785670e+00 5.3672584543e-01 1.3382157887e+00
1.8945359723e+00 5.3535696408e-01 1.3433578490e+00
1.8981933777e+00 5.3398812812e-01 1.3485000413e+00
1.9018507830e+00 5.3261934726e-01 1.3536422774e+00
1.9055081884e+00 5.3125063120e-01 1.3587844693e+00
1.9091655937e+00 5.2988198958e-01 1.3639265291e+00
1.9128229991e+00 5.2851343204e-01 1.3690683686e+00
1.9164804044e+00 5.2714496819e-01 1.3742099000e+00
1.9201378098e+00 5.2577660761e-01 1.3793510354e+00
1.9237952151e+00 5.2440835988e-01 1.3844916870e+00
1.9274526205e+00 5.2304023451e-01 1.3896317668e+00
1.9311100258e+00 5.2167224103e-01 1.3947711872e+00
1.9347674312e+00 5.2030438892e-01 1.3999098605e+00
1.9384248365e+00 5.1893668765e-01 1.4050476990e+00
1.9420822419e+00 5.1756914666e-01 1.4101846151e+00
1.9457396472e+00 5.1620177535e-01 1.4153205214e+00
1.9493970526e+00 5.1483458311e-01 1.4204553303e+00
1.9530544579e+00 5.1346757931e-01 1.4255889544e+00
1.9567118633e+00 5.1210077329e-01 1.4307213065e+00
1.9603692686e+00 5.1073417435e-01 1.4358522993e+00
1.9640266740e+00 5.0936779179e-01 1.4409818456e+00
1.9676840793e+00 5.0800163487e-01 1.4461098583e+00
1.9713414847e+00 5.0663571282e-01 1.4512362505e+00
1.9749988901e+00 5.0527003486e-01 1.4563609351e+00
1.9786562954e+00 5.0390461016e-01 1.4614838253e+00
1.9823137008e+00 5.0253944790e-01 1.4666048345e+00
1.9859711061e+00 5.0117455720e-01 1.4717238758e+00
1.9896285115e+00 4.9980994716e-01 1.4768408628e+00
1.9932859168e+00 4.9844562688e-01 1.4819557090e+00
1.9969433222e+00 4.9708160541e-01 1.4870683280e+00
2.0006007275e+00 4.9571789177e-01 1.4921786336e+00
2.0042581329e+00 4.9435449498e-01 1.4972865395e+00
2.0079155382e+00 4.9299142400e-01 1.5023919598e+00
2.0115729436e+00 4.9162868779e-01 1.5074948084e+00
2.0152303489e+00 4.9026629527e-01 1.5125949996e+00
2.0188877543e+00 4.8890425534e-01 1.5176924476e+00
2.0225451596e+00 4.8754257687e-01 1.5227870668e+00
2.0262025650e+00 4.8618126871e-01 1.5278787718e+00
2.0298599703e+00 4.8482033968e-01 1.5329674771e+00
2.0335173757e+00 4.8345979855e-01 1.5380530977e+00
2.0371747810e+00 4.8209965411e-01 1.5431355483e+00
2.0408321864e+00 4.8073991508e-01 1.5482147440e+00
2.0444895917e+00 4.7938059018e-01 1.5532906000e+00
2.0481469971e+00 4.7802168809e-01 1.5583630315e+00
2.0518044024e+00 4.7666321746e-01 1.5634319540e+00
2.0554618078e+00 4.7530518693e-01 1.5684972831e+00
2.0591192131e+00 4.7394760510e-01 1.5735589345e+00
2.0627766185e+00 4.7259048053e-01 1.5786168241e+00
2.0664340239e+00 4.7123382179e-01 1.5836708678e+00
2.0700914292e+00 4.6987763738e-01 1.5887209819e+00
2.0737488346e+00 4.6852193580e-01 1.5937670826e+00
2.0774062399e+00 4.6716672551e-01 1.5988090866e+00
2.0810636453e+00 4.6581201496e-01 1.6038469103e+00
2.0847210506e+00 4.6445781254e-01 1.6088804706e+00
2.0883784560e+00 4.6310412665e-01 1.6139096844e+00
2.0920358613e+00 4.6175096563e-01 1.6189344689e+00
2.0956932667e+00 4.6039833781e-01 1.6239547413e+00
2.0993506720e+00 4.5904625148e-01 1.6289704192e+00
2.1030080774e+00 4.5769471493e-01 1.6339814201e+00
2.1066654827e+00 4.5634373639e-01 1.6389876619e+00
2.1103228881e+00 4.5499332407e-01 1.6439890626e+00
2.1139802934e+00 4.5364348616e-01 1.6489855403e+00
2.1176376988e+00 4.5229423082e-01 1.6539770133e+00
2.1212951041e+00 4.5094556617e-01 1.6589634003e+00
2.1249525095e+00 4.4959750032e-01 1.6639446199e+00
2.1286099148e+00 4.4825004134e-01 1.6689205911e+00
2.1322673202e+00 4.4690319727e-01 1.6738912329e+00
2.1359247255e+00 4.4555697613e-01 1.6788564647e+00
2.1395821309e+00 4.4421138590e-01 1.6838162059e+00
2.1432395362e+00 4.4286643456e-01 1.6887703763e+00
2.1468969416e+00 4.4152213001e-01 1.6937188957e+00
2.1505543469e+00 4.4017848017e-01 1.6986616842e+00
2.1542117523e+00 4.3883549291e-01 1.7035986621e+00
2.1578691576e+00 4.3749317607e-01 1.7085297500e+00
2.1615265630e+00 4.3615153747e-01 1.7134548685e+00
2.1651839684e+00 4.3481058489e-01 1.7183739386e+00
2.1688413737e+00 4.3347032610e-01 1.7232868814e+00
2.1724987791e+00 4.3213076881e-01 1.7281936183e+00
2.1761561844e+00 4.3079192074e-01 1.7330940708e+00
2.1798135898e+00 4.2945378954e-01 1.7379881608e+00
2.1834709951e+00 4.2811638286e-01 1.7428758103e+00
2.1871284005e+00 4.2677970832e-01 1.7477569415e+00
2.1907858058e+00 4.2544377350e-01 1.7526314769e+00
2.1944432112e+00 4.2410858594e-01 1.7574993392e+00
2.1981006165e+00 4.2277415319e-01 1.7623604513e+00
2.2017580219e+00 4.2144048273e-01 1.7672147364e+00
2.2054154272e+00 4.2010758202e-01 1.7720621179e+00
2.2090728326e+00 4.1877545850e-01 1.7769025194e+00
2.2127302379e+00 4.1744411959e-01 1.7817358649e+00
2.2163876433e+00 4.1611357267e-01 1.7865620783e+00
2.2200450486e+00 4.1478382507e-01 1.7913810842e+00
2.2237024540e+00 4.1345488413e-01 1.7961928071e+00
2.2273598593e+00 4.1212675712e-01 1.8009971718e+00
2.2310172647e+00 4.1079945132e-01 1.8057941035e+00
2.2346746700e+00 4.0947297394e-01 1.8105835276e+00
2.2383320754e+00 4.0814733220e-01 1.8153653696e+00
2.2419894807e+00 4.0682253326e-01 1.8201395553e+00
2.2456468861e+00 4.0549858427e-01 1.8249060110e+00
2.2493042914e+00 4.0417549234e-01 1.8296646630e+00
2.2529616968e+00 4.0285326455e-01 1.8344154380e+00
2.2566191022e+00 4.0153190796e-01 1.8391582628e+00
2.2602765075e+00 4.0021142958e-01 1.8438930647e+00
2.2639339129e+00 3.9889183641e-01 1.8486197711e+00
2.2675913182e+00 3.9757313542e-01 1.8533383097e+00
2.2712487236e+00 3.9625533354e-01 1.8580486084e+00
2.2749061289e+00 3.9493843768e-01 1.8627505956e+00
2.2785635343e+00 3.9362245469e-01 1.8674441998e+00
2.2822209396e+00 3.9230739144e-01 1.8721293498e+00
2.2858783450e+00 3.9099325474e-01 1.8768059745e+00
2.2895357503e+00 3.8968005136e-01 1.8814740035e+00
2.2931931557e+00 3.8836778807e-01 1.8861333664e+00
2.2968505610e+00 3.8705647158e-01 1.8907839931e+00
2.3005079664e+00 3.8574610861e-01 1.8954258138e+00
2.3041653717e+00 3.8443670579e-01 1.9000587591e+00
2.3078227771e+00 3.8312826978e-01 1.9046827596e+00
2.3114801824e+00 3.8182080717e-01 1.9092977466e+00
2.3151375878e+00 3.8051432454e-01 1.9139036513e+00
2.3187949931e+00 3.7920882843e-01 1.9185004055e+00
2.3224523985e+00 3.7790432536e-01 1.9230879412e+00
2.3261098038e+00 3.7660082182e-01 1.9276661905e+00
2.3297672092e+00 3.7529832424e-01 1.9322350861e+00
2.3334246145e+00 3.7399683906e-01 1.9367945608e+00
2.3370820199e+00 3.7269637266e-01 1.9413445479e+00
2.3407394252e+00 3.7139693143e-01 1.9458849806e+00
2.3443968306e+00 3.7009852167e-01 1.9504157930e+00
2.3480542360e+00 3.6880114971e-01 1.9549369190e+00
2.3517116413e+00 3.6750482180e-01 1.9594482931e+00
2.3553690467e+00 3.6620954420e-01 1.9639498498e+00
2.3590264520e+00 3.6491532311e-01 1.9684415244e+00
2.3626838574e+00 3.6362216471e-01 1.9729232522e+00
2.3663412627e+00 3.6233007515e-01 1.9773949687e+00
2.3699986681e+00 3.6103906057e-01 1.9818566099e+00
2.3736560734e+00 3.5974912704e-01 1.9863081122e+00
2.3773134788e+00 3.5846028063e-01 1.9907494121e+00
2.3809708841e+00 3.5717252736e-01 1.9951804467e+00
2.3846282895e+00 3.5588587324e-01 1.9996011530e+00
2.3882856948e+00 3.5460032424e-01 2.0040114688e+00
2.3919431002e+00 3.5331588628e-01 2.0084113320e+00
2.3956005055e+00 3.5203256529e-01 2.0128006807e+00
2.3992579109e+00 3.5075036715e-01 2.0171794536e+00
2.4029153162e+00 3.4946929768e-01 2.0215475895e+00
2.4065727216e+00 3.4818936272e-01 2.0259050278e+00
2.4102301269e+00 3.4691056805e-01 2.0302517079e+00
2.4138875323e+00 3.4563291944e-01 2.0345875697e+00
2.4175449376e+00 3.4435642260e-01 2.0389125535e+00
2.4212023430e+00 3.4308108322e-01 2.0432265999e+00
2.4248597483e+00 3.4180690699e-01 2.0475296498e+00
2.4285171537e+00 3.4053389952e-01 2.0518216445e+00
2.4321745590e+00 3.3926206643e-01 2.0561025255e+00
2.4358319644e+00 3.3799141328e-01 2.0603722349e+00
2.4394893697e+00 3.3672194564e-01 2.0646307147e+00
2.4431467751e+00 3.3545366900e-01 2.0688779079e+00
2.4468041805e+00 3.3418658884e-01 2.0731137573e+00
2.4504615858e+00 3.3292071063e-01 2.0773382063e+00
2.4541189912e+00 3.3165603979e-01 2.0815511985e+00
2.4577763965e+00 3.3039258171e-01 2.0857526780e+00
2.4614338019e+00 3.2913034174e-01 2.0899425892e+00
2.4650912072e+00 3.2786932522e-01 2.0941208769e+00
2.4687486126e+00 3.2660953746e-01 2.0982874860e+00
2.4724060179e+00 3.2535098371e-01 2.1024423622e+00
2.4760634233e+00 3.2409366922e-01 2.1065854512e+00
2.4797208286e+00 3.2283759921e-01 2.1107166992e+00
2.4833782340e+00 3.2158277886e-01 2.1148360526e+00
2.4870356393e+00 3.2032921330e-01 2.1189434586e+00
2.4906930447e+00 3.1907690765e-01 2.1230388643e+00
2.4943504500e+00 3.1782586702e-01 2.1271222174e+00
2.4980078554e+00 3.1657609646e-01 2.1311934657e+00
2.5016652607e+00 3.1532760099e-01 2.1352525578e+00
2.5053226661e+00 3.1408038561e-01 2.1392994423e+00
2.5089800714e+00 3.1283445529e-01 2.1433340684e+00
2.5126374768e+00 3.1158981497e-01 2.1473563853e+00
2.5162948821e+00 3.1034646955e-01 2.1513663432e+00
2.5199522875e+00 3.0910442391e-01 2.1553638922e+00
2.5236096928e+00 3.0786368291e-01 2.1593489827e+00
2.5272670982e+00 3.0662425134e-01 2.1633215660e+00
2.5309245035e+00 3.0538613400e-01 2.1672815932e+00
2.5345819089e+00 3.0414933564e-01 2.1712290160e+00
2.5382393143e+00 3.0291386101e-01 2.1751637866e+00
2.5418967196e+00 3.0167971478e-01 2.1790858575e+00
2.5455541250e+00 3.0044690161e-01 2.1829951815e+00
2.5492115303e+00 2.9921542615e-01 2.1868917118e+00
2.5528689357e+00 2.9798529302e-01 2.1907754020e+00
2.5565263410e+00 2.9675650677e-01 2.1946462063e+00
2.5601837464e+00 2.9552907194e-01 2.1985040789e+00
2.5638411517e+00 2.9430299307e-01 2.2023489746e+00
2.5674985571e+00 2.9307827464e-01 2.2061808485e+00
2.5711559624e+00 2.9185492108e-01 2.2099996563e+00
2.5748133678e+00 2.9063293684e-01 2.2138053539e+00
2.5784707731e+00 2.8941232631e-01 2.2175978976e+00
2.5821281785e+00 2.8819309385e-01 2.2213772439e+00
2.5857855838e+00 2.8697524380e-01 2.2251433503e+00
2.5894429892e+00 2.8575878046e-01 2.2288961740e+00
2.5931003945e+00 2.8454370810e-01 2.2326356731e+00
2.5967577999e+00 2.8333003099e-01 2.2363618056e+00
2.6004152052e+00 2.8211775332e-01 2.2400745305e+00
2.6040726106e+00 2.8090687928e-01 2.2437738067e+00
2.6077300159e+00 2.7969741303e-01 2.2474595937e+00
2.6113874213e+00 2.7848935871e-01 2.2511318512e+00
2.6150448266e+00 2.7728272039e-01 2.2547905398e+00
2.6187022320e+00 2.7607750214e-01 2.2584356200e+00
2.6223596373e+00 2.7487370802e-01 2.2620670528e+00
2.6260170427e+00 2.7367134201e-01 2.2656847998e+00
2.6296744481e+00 2.7247040810e-01 2.2692888228e+00
2.6333318534e+00 2.7127091023e-01 2.2728790841e+00
2.6369892588e+00 2.7007285234e-01 2.2764555463e+00
2.6406466641e+00 2.6887623830e-01 2.2800181726e+00
2.6443040695e+00 2.6768107196e-01 2.2835669264e+00
2.6479614748e+00 2.6648735716e-01 2.2871017717e+00
2.6516188802e+00 2.6529509771e-01 2.2906226725e+00
2.6552762855e+00 2.6410429737e-01 2.2941295939e+00
2.6589336909e+00 2.6291495987e-01 2.2976225009e+00
2.6625910962e+00 2.6172708894e-01 2.3011013589e+00
2.6662485016e+00 2.6054068825e-01 2.3045661338e+00
2.6699059069e+00 2.5935576146e-01 2.3080167922e+00
2.6735633123e+00 2.5817231218e-01 2.3114533006e+00
2.6772207176e+00 2.5699034402e-01 2.3148756264e+00
2.6808781230e+00 2.5580986054e-01 2.3182837369e+00
2.6845355283e+00 2.5463086526e-01 2.3216776003e+00
2.6881929337e+00 2.5345336171e-01 2.3250571850e+00
2.6918503390e+00 2.5227735334e-01 2.3284224597e+00
2.6955077444e+00 2.5110284363e-01 2.3317733937e+00
2.6991651497e+00 2.4992983597e-01 2.3351099568e+00
2.7028225551e+00 2.4875833375e-01 2.3384321189e+00
2.7064799604e+00 2.4758834036e-01 2.3417398504e+00
2.7101373658e+00 2.4641985909e-01 2.3450331225e+00
2.7137947711e+00 2.4525289327e-01 2.3483119063e+00
2.7174521765e+00 2.4408744616e-01 2.3515761737e+00
2.7211095818e+00 2.4292352102e-01 2.3548258967e+00
2.7247669872e+00 2.4176112104e-01 2.3580610480e+00
2.7284243926e+00 2.4060024942e-01 2.3612816007e+00
2.7320817979e+00 2.3944090932e-01 2.3644875280e+00
2.7357392033e+00 2.3828310387e-01 2.3676788039e+00
2.7393966086e+00 2.3712683616e-01 2.3708554027e+00
2.7430540140e+00 2.3597210926e-01 2.3740172991e+00
2.7467114193e+00 2.3481892622e-01 2.3771644681e+00
2.7503688247e+00 2.3366729006e-01 2.3802968854e+00
2.7540262300e+00 2.3251720374e-01 2.3834145269e+00
2.7576836354e+00 2.3136867024e-01 2.3865173691e+00
2.7613410407e+00 2.3022169247e-01 2.3896053887e+00
2.7649984461e+00 2.2907627335e-01 2.3926785630e+00
2.7686558514e+00 2.2793241573e-01 2.3957368698e+00
2.7723132568e+00 2.2679012246e-01 2.3987802872e+00
2.7759706621e+00 2.2564939635e-01 2.4018087936e+00
2.7796280675e+00 2.2451024020e-01 2.4048223680e+00
2.7832854728e+00 2.2337265674e-01 2.4078209900e+00
2.7869428782e+00 2.2223664872e-01 2.4108046393e+00
2.7906002835e+00 2.2110221883e-01 2.4137732962e+00
2.7942576889e+00 2.1996936975e-01 2.4167269413e+00
2.7979150942e+00 2.1883810411e-01 2.4196655560e+00
2.8015724996e+00 2.1770842454e-01 2.4225891216e+00
2.8052299049e+00 2.1658033362e-01 2.4254976202e+00
2.8088873103e+00 2.1545383391e-01 2.4283910343e+00
2.8125447156e+00 2.1432892793e-01 2.4312693468e+00
2.8162021210e+00 2.1320561819e-01 2.4341325409e+00
2.8198595264e+00 2.1208390719e-01 2.4369806003e+00
2.8235169317e+00 2.1096379734e-01 2.4398135094e+00
2.8271743371e+00 2.0984529107e-01 2.4426312527e+00
2.8308317424e+00 2.0872839077e-01 2.4454338152e+00
2.8344891478e+00 2.0761309883e-01 2.4482211824e+00
2.8381465531e+00 2.0649941755e-01 2.4509933403e+00
2.8418039585e+00 2.0538734925e-01 2.4537502754e+00
2.8454613638e+00 2.0427689621e-01 2.4564919743e+00
2.8491187692e+00 2.0316806069e-01 2.4592184243e+00
2.8527761745e+00 2.0206084490e-01 2.4619296131e+00
2.8564335799e+00 2.0095525105e-01 2.4646255290e+00
2.8600909852e+00 1.9985128130e-01 2.4673061604e+00
2.8637483906e+00 1.9874893781e-01 2.4699714963e+00
2.8674057959e+00 1.9764822267e-01 2.4726215263e+00
2.8710632013e+00 1.9654913798e-01 2.4752562403e+00
2.8747206066e+00 1.9545168579e-01 2.4778756286e+00
2.8783780120e+00 1.9435586816e-01 2.4804796819e+00
2.8820354173e+00 1.9326168706e-01 2.4830683916e+00
2.8856928227e+00 1.9216914448e-01 2.4856417493e+00
2.8893502280e+00 1.9107824238e-01 2.4881997473e+00
2.8930076334e+00 1.8998898269e-01 2.4907423778e+00
2.8966650387e+00 1.8890136727e-01 2.4932696343e+00
2.9003224441e+00 1.8781539802e-01 2.4957815100e+00
2.9039798494e+00 1.8673107679e-01 2.4982779987e+00
2.9076372548e+00 1.8564840536e-01 2.5007590952e+00
2.9112946602e+00 1.8456738554e-01 2.5032247940e+00
2.9149520655e+00 1.8348801909e-01 2.5056750904e+00
2.9186094709e+00 1.8241030775e-01 2.5081099801e+00
2.9222668762e+00 1.8133425321e-01 2.5105294594e+00
2.9259242816e+00 1.8025985717e-01 2.5129335249e+00
2.9295816869e+00 1.7918712126e-01 2.5153221737e+00
2.9332390923e+00 1.7811604714e-01 2.5176954031e+00
2.9368964976e+00 1.7704663638e-01 2.5200532113e+00
2.9405539030e+00 1.7597889057e-01 2.5223955967e+00
2.9442113083e+00 1.7491281125e-01 2.5247225583e+00
2.9478687137e+00 1.7384839995e-01 2.5270340951e+00
2.9515261190e+00 1.7278565816e-01 2.5293302072e+00
2.9551835244e+00 1.7172458733e-01 2.5316108948e+00
2.9588409297e+00 1.7066518893e-01 2.5338761587e+00
2.9624983351e+00 1.6960746437e-01 2.5361259997e+00
2.9661557404e+00 1.6855141502e-01 2.5383604199e+00
2.9698131458e+00 1.6749704225e-01 2.5405794211e+00
2.9734705511e+00 1.6644434740e-01 2.5427830059e+00
2.9771279565e+00 1.6539333179e-01 2.5449711773e+00
2.9807853618e+00 1.6434399668e-01 2.5471439388e+00
2.9844427672e+00 1.6329634334e-01 2.5493012943e+00
2.9881001725e+00 1.6225037301e-01 2.5514432483e+00
2.9917575779e+00 1.6120608689e-01 2.5535698053e+00
2.9954149832e+00 1.6016348615e-01 2.5556809710e+00
2.9990723886e+00 1.5912257195e-01 2.5577767511e+00
3.0027297939e+00 1.5808334544e-01 2.5598571516e+00
3.0063871993e+00 1.5704580768e-01 2.5619221794e+00
3.0100446047e+00 1.5600995977e-01 2.5639718417e+00
3.0137020100e+00 1.5497580275e-01 2.5660061461e+00
3.0173594154e+00 1.5394333767e-01 2.5680251006e+00
3.0210168207e+00 1.5291256550e-01 2.5700287139e+00
3.0246742261e+00 1.5188348722e-01 2.5720169950e+00
3.0283316314e+00 1.5085610378e-01 2.5739899534e+00
3.0319890368e+00 1.4983041612e-01 2.5759475989e+00
3.0356464421e+00 1.4880642511e-01 2.5778899423e+00
3.0393038475e+00 1.4778413163e-01 2.5798169943e+00
3.0429612528e+00 1.4676353653e-01 2.5817287663e+00
3.0466186582e+00 1.4574464064e-01 2.5836252702e+00
3.0502760635e+00 1.4472744473e-01 2.5855065184e+00
3.0539334689e+00 1.4371194958e-01 2.5873725236e+00
3.0575908742e+00 1.4269815594e-01 2.5892232992e+00
3.0612482796e+00 1.4168606454e-01 2.5910588589e+00
3.0649056849e+00 1.4067567605e-01 2.5928792169e+00
3.0685630903e+00 1.3966699115e-01 2.5946843881e+00
3.0722204956e+00 1.3866001049e-01 2.5964743876e+00
3.0758779010e+00 1.3765473469e-01 2.5982492310e+00
3.0795353063e+00 1.3665116432e-01 2.6000089346e+00
3.0831927117e+00 1.3564929997e-01 2.6017535150e+00
3.0868501170e+00 1.3464914218e-01 2.6034829894e+00
3.0905075224e+00 1.3365069149e-01 2.6051973752e+00
3.0941649277e+00 1.3265394835e-01 2.6068966908e+00
3.0978223331e+00 1.3165891326e-01 2.6085809546e+00
3.1014797385e+00 1.3066558667e-01 2.6102501857e+00
3.1051371438e+00 1.2967396897e-01 2.6119044038e+00
3.1087945492e+00 1.2868406058e-01 2.6135436289e+00
3.1124519545e+00 1.2769586186e-01 2.6151678815e+00
3.1161093599e+00 1.2670937318e-01 2.6167771826e+00
3.1197667652e+00 1.2572459482e-01 2.6183715539e+00
3.1234241706e+00 1.2474152711e-01 2.6199510174e+00
3.1270815759e+00 1.2376017030e-01 2.6215155955e+00
3.1307389813e+00 1.2278052467e-01 2.6230653113e+00
3.1343963866e+00 1.2180259041e-01 2.6246001885e+00
3.1380537920e+00 1.2082636773e-01 2.6261202509e+00
3.1417111973e+00 1.1985185681e-01 2.6276255232e+00
3.1453686027e+00 1.1887905781e-01 2.6291160303e+00
3.1490260080e+00 1.1790797084e-01 2.6305917980e+00
3.1526834134e+00 1.1693859600e-01 2.6320528521e+00
3.1563408187e+00 1.1597093338e-01 2.6334992193e+00
3.1599982241e+00 1.1500498304e-01 2.6349309265e+00
3.1636556294e+00 1.1404074498e-01 2.6363480016e+00
3.1673130348e+00 1.1307821923e-01 2.6377504725e+00
3.1709704401e+00 1.1211740577e-01 2.6391383679e+00
3.1746278455e+00 1.1115830456e-01 2.6405117168e+00
3.1782852508e+00 1.1020091552e-01 2.6418705490e+00
3.1819426562e+00 1.0924523857e-01 2.6432148948e+00
3.1856000615e+00 1.0829127359e-01 2.6445447847e+00
3.1892574669e+00 1.0733902045e-01 2.6458602499e+00
3.1929148723e+00 1.0638847898e-01 2.6471613223e+00
3.1965722776e+00 1.0543964900e-01 2.6484480343e+00
3.2002296830e+00 1.0449253030e-01 2.6497204184e+00
3.2038870883e+00 1.0354712264e-01 2.6509785083e+00
3.2075444937e+00 1.0260342576e-01 2.6522223377e+00
3.2112018990e+00 1.0166143939e-01 2.6534519412e+00
3.2148593044e+00 1.0072116324e-01 2.6546673535e+00
3.2185167097e+00 9.9782596943e-02 2.6558686105e+00
3.2221741151e+00 9.8845740171e-02 2.6570557480e+00
3.2258315204e+00 9.7910592544e-02 2.6582288028e+00
3.2294889258e+00 9.6977153678e-02 2.6593878119e+00
3.2331463311e+00 9.6045423125e-02 2.6605328132e+00
3.2368037365e+00 9.5115400451e-02 2.6616638450e+00
3.2404611418e+00 9.4187085184e-02 2.6627809461e+00
3.2441185472e+00 9.3260476848e-02 2.6638841558e+00
3.2477759525e+00 9.2335574900e-02 2.6649735144e+00
3.2514333579e+00 9.1412378811e-02 2.6660490622e+00
3.2550907632e+00 9.0490888017e-02 2.6671108405e+00
3.2587481686e+00 8.9571101948e-02 2.6681588908e+00
3.2624055739e+00 8.8653019965e-02 2.6691932557e+00
3.2660629793e+00 8.7736641448e-02 2.6702139779e+00
3.2697203846e+00 8.6821965740e-02 2.6712211009e+00
3.2733777900e+00 8.5908992176e-02 2.6722146687e+00
3.2770351953e+00 8.4997720024e-02 2.6731947262e+00
3.2806926007e+00 8.4088148570e-02 2.6741613185e+00
3.2843500060e+00 8.3180277065e-02 2.6751144916e+00
3.2880074114e+00 8.2274104750e-02 2.6760542917e+00
3.2916648168e+00 8.1369630801e-02 2.6769807662e+00
3.2953222221e+00 8.0466854410e-02 2.6778939628e+00
3.2989796275e+00 7.9565774748e-02 2.6787939296e+00
3.3026370328e+00 7.8666390924e-02 2.6796807159e+00
3.3062944382e+00 7.7768702060e-02 2.6805543711e+00
3.3099518435e+00 7.6872707243e-02 2.6814149456e+00
3.3136092489e+00 7.5978405549e-02 2.6822624900e+00
3.3172666542e+00 7.5085795997e-02 2.6830970562e+00
3.3209240596e+00 7.4194877613e-02 2.6839186962e+00
3.3245814649e+00 7.3305649393e-02 2.6847274630e+00
3.3282388703e+00 7.2418110321e-02 2.6855234099e+00
3.3318962756e+00 7.1532259320e-02 2.6863065914e+00
3.3355536810e+00 7.0648095327e-02 2.6870770622e+00
3.3392110863e+00 6.9765617241e-02 2.6878348779e+00
3.3428684917e+00 6.8884823957e-02 2.6885800948e+00
3.3465258970e+00 6.8005714302e-02 2.6893127699e+00
3.3501833024e+00 6.7128287121e-02 2.6900329608e+00
3.3538407077e+00 6.6252541221e-02 2.6907407261e+00
3.3574981131e+00 6.5378475403e-02 2.6914361246e+00
3.3611555184e+00 6.4506088402e-02 2.6921192165e+00
3.3648129238e+00 6.3635378967e-02 2.6927900622e+00
3.3684703291e+00 6.2766345814e-02 2.6934487231e+00
3.3721277345e+00 6.1898987651e-02 2.6940952613e+00
3.3757851398e+00 6.1033303117e-02 2.6947297397e+00
3.3794425452e+00 6.0169290871e-02 2.6953522220e+00
3.3830999506e+00 5.9306949546e-02 2.6959627726e+00
3.3867573559e+00 5.8446277717e-02 2.6965614568e+00
3.3904147613e+00 5.7587273970e-02 2.6971483407e+00
3.3940721666e+00 5.6729936855e-02 2.6977234910e+00
3.3977295720e+00 5.5874264913e-02 2.6982869756e+00
3.4013869773e+00 5.5020256623e-02 2.6988388630e+00
3.4050443827e+00 5.4167910477e-02 2.6993792227e+00
3.4087017880e+00 5.3317224930e-02 2.6999081249e+00
3.4123591934e+00 5.2468198428e-02 2.7004256408e+00
3.4160165987e+00 5.1620829357e-02 2.7009318425e+00
3.4196740041e+00 5.0775116111e-02 2.7014268030e+00
3.4233314094e+00 4.9931057051e-02 2.7019105963e+00
3.4269888148e+00 4.9088650528e-02 2.7023832971e+00
3.4306462201e+00 4.8247894830e-02 2.7028449814e+00
3.4343036255e+00 4.7408788255e-02 2.7032957260e+00
3.4379610308e+00 4.6571329070e-02 2.7037356087e+00
3.4416184362e+00 4.5735515527e-02 2.7041647082e+00
3.4452758415e+00 4.4901345816e-02 2.7045831046e+00
3.4489332469e+00 4.4068818141e-02 2.7049908787e+00
3.4525906522e+00 4.3237930666e-02 2.7053881126e+00
3.4562480576e+00 4.2408681550e-02 2.7057748893e+00
3.4599054629e+00 4.1581068881e-02 2.7061512931e+00
3.4635628683e+00 4.0755090765e-02 2.7065174094e+00
3.4672202736e+00 3.9930745267e-02 2.7068733249e+00
3.4708776790e+00 3.9108030445e-02 2.7072191271e+00
3.4745350844e+00 3.8286944287e-02 2.7075549053e+00
3.4781924897e+00 3.7467484798e-02 2.7078807497e+00
3.4818498951e+00 3.6649649954e-02 2.7081967517e+00
3.4855073004e+00 3.5833437674e-02 2.7085030045e+00
3.4891647058e+00 3.5018845881e-02 2.7087996023e+00
3.4928221111e+00 3.4205872462e-02 2.7090866406e+00
3.4964795165e+00 3.3394515291e-02 2.7093642167e+00
3.5001369218e+00 3.2584772181e-02 2.7096324293e+00
3.5037943272e+00 3.1776640951e-02 2.7098913784e+00
3.5074517325e+00 3.0970119380e-02 2.7101411658e+00
3.5111091379e+00 3.0165205238e-02 2.7103818947e+00
3.5147665432e+00 2.9361896227e-02 2.7106136704e+00
3.5184239486e+00 2.8560190057e-02 2.7108365996e+00
3.5220813539e+00 2.7760084399e-02 2.7110507908e+00
3.5257387593e+00 2.6961576911e-02 2.7112563546e+00
3.5293961646e+00 2.6164665184e-02 2.7114534032e+00
3.5330535700e+00 2.5369346814e-02 2.7116420512e+00
3.5367109753e+00 2.4575619359e-02 2.7118224151e+00
3.5403683807e+00 2.3783480360e-02 2.7119946133e+00
3.5440257860e+00 2.2992927291e-02 2.7121587671e+00
3.5476831914e+00 2.2203957630e-02 2.7123149996e+00
3.5513405967e+00 2.1416568815e-02 2.7124634367e+00
3.5549980021e+00 2.0630758265e-02 2.7126042067e+00
3.5586554074e+00 1.9846523331e-02 2.7127374409e+00
3.5623128128e+00 1.9063861366e-02 2.7128632733e+00
3.5659702181e+00 1.8282769679e-02 2.7129818408e+00
3.5696276235e+00 1.7503245562e-02 2.7130932837e+00
3.5732850289e+00 1.6725286233e-02 2.7131977458e+00
3.5769424342e+00 1.5948888910e-02 2.7132953742e+00
3.5805998396e+00 1.5174050778e-02 2.7133863200e+00
3.5842572449e+00 1.4400768955e-02 2.7134707384e+00
3.5879146503e+00 1.3629040548e-02 2.7135487891e+00
3.5915720556e+00 1.2858862620e-02 2.7136206363e+00
3.5952294610e+00 1.2090232205e-02 2.7136864495e+00
3.5988868663e+00 1.1323146267e-02 2.7137464038e+00
3.6025442717e+00 1.0557601754e-02 2.7138006803e+00
3.6062016770e+00 9.7935955661e-03 2.7138494666e+00
3.6098590824e+00 9.0311245698e-03 2.7138929580e+00
3.6135164877e+00 8.2701855511e-03 2.7139313579e+00
3.6171738931e+00 7.5107752792e-03 2.7139648789e+00
3.6208312984e+00 6.7528904634e-03 2.7139937442e+00
3.6244887038e+00 5.9965277725e-03 2.7140181891e+00
3.6281461091e+00 5.2416837833e-03 2.7140384631e+00
3.6318035145e+00 4.4883550449e-03 2.7140548326e+00
3.6354609198e+00 3.7365380318e-03 2.7140675847e+00
3.6391183252e+00 2.9862291606e-03 2.7140770324e+00
3.6427757305e+00 2.2374247334e-03 2.7140835236e+00
3.6464331359e+00 1.4901209965e-03 2.7140874547e+00
3.6500905412e+00 7.4431408126e-04 2.7140892998e+00
3.6537479466e+00 0.0000000000e+00 2.7140896970e+00